0.000000e+00
0.000000e+00
0.000000e+00
0.000000e+00
-9.765625e-04
-9.765625e-04
-9.765625e-04
-9.765625e-04
-9.765625e-04
4.000000e+00
4.000000e+00
4.000000e+00
6.938477e-01
6.787109e-01
-1.597168e+00
-1.570801e+00
-1.547363e+00
-1.520508e+00
-1.496094e+00
-1.469238e+00
-1.444336e+00
-1.417480e+00
-1.392578e+00
-1.365234e+00
-1.339844e+00
-1.312012e+00
-1.286621e+00
-1.258789e+00
-1.233398e+00
-1.205566e+00
-1.179688e+00
-1.151855e+00
-1.126465e+00
-1.098633e+00
-1.073242e+00
-1.045410e+00
-1.020020e+00
-9.921875e-01
-9.663086e-01
-9.414063e-01
-9.145508e-01
-8.896484e-01
-8.623047e-01
-8.378906e-01
-8.115234e-01
-7.871094e-01
-7.607422e-01
-7.368164e-01
-7.109375e-01
-6.875000e-01
-6.625977e-01
-6.396484e-01
-6.152344e-01
-5.927734e-01
-5.683594e-01
-5.468750e-01
-5.234375e-01
-5.024414e-01
-4.799805e-01
-4.594727e-01
-4.375000e-01
-4.179688e-01
-3.969727e-01
-3.774414e-01
-3.588867e-01
-3.393555e-01
-3.212891e-01
-3.027344e-01
-2.856445e-01
-2.675781e-01
-2.519531e-01
-2.348633e-01
-2.197266e-01
-2.041016e-01
-1.899414e-01
-1.748047e-01
-1.616211e-01
-1.479492e-01
-1.357422e-01
-1.230469e-01
-1.123047e-01
-1.005859e-01
-9.082031e-02
-8.007813e-02
-7.128906e-02
-6.201172e-02
-5.371094e-02
-4.638672e-02
-3.906250e-02
-3.320313e-02
-2.734375e-02
-2.197266e-02
-1.660156e-02
-1.318359e-02
-8.789063e-03
-6.347656e-03
-3.906250e-03
-1.953125e-03
-4.882813e-04
0.000000e+00
-4.882813e-04
-1.464844e-03
-2.441406e-03
-3.906250e-03
-6.835938e-03
-9.277344e-03
-1.318359e-02
-1.757813e-02
-2.246094e-02
-2.734375e-02
-3.417969e-02
-4.003906e-02
-4.736328e-02
-5.517578e-02
-6.298828e-02
-7.226563e-02
-8.154297e-02
-9.179688e-02
-1.015625e-01
-1.132813e-01
-1.245117e-01
-1.372070e-01
-1.494141e-01
-1.630859e-01
-1.762695e-01
-1.909180e-01
-2.050781e-01
-2.211914e-01
-2.363281e-01
-2.534180e-01
-2.690430e-01
-2.871094e-01
-3.037109e-01
-3.227539e-01
-3.403320e-01
-3.598633e-01
-3.784180e-01
-3.994141e-01
-4.189453e-01
-4.384766e-01
-4.604492e-01
-4.809570e-01
-5.034180e-01
-5.244141e-01
-5.473633e-01
-5.688477e-01
-5.927734e-01
-6.147461e-01
-6.391602e-01
-6.625977e-01
-6.875000e-01
-7.104492e-01
-7.358398e-01
-7.597656e-01
-7.856445e-01
-8.095703e-01
-8.359375e-01
-8.603516e-01
-8.872070e-01
-9.116211e-01
-9.389648e-01
-9.633789e-01
-9.907227e-01
-1.016113e+00
-1.041504e+00
-1.068848e+00
-1.094238e+00
-1.121582e+00
-1.146973e+00
-1.174805e+00
-1.199707e+00
-1.227051e+00
-1.252441e+00
-1.279785e+00
-1.304688e+00
-1.332520e+00
-1.356934e+00
-1.384277e+00
-1.408203e+00
-1.480957e+00
-1.506836e+00
-1.531738e+00
-1.557129e+00
-1.581543e+00
-1.606445e+00
-1.630371e+00
-1.655273e+00
-1.678223e+00
-1.700684e+00
-1.724609e+00
-1.747070e+00
-1.770020e+00
-1.791504e+00
-1.813965e+00
-1.834473e+00
-1.856445e+00
-1.876465e+00
-1.896484e+00
-1.916016e+00
-1.935547e+00
-1.954102e+00
-1.972656e+00
-1.990234e+00
-2.008301e+00
-2.024902e+00
-2.041504e+00
-2.057129e+00
-2.072754e+00
-2.086914e+00
-2.101563e+00
-2.115234e+00
-2.128418e+00
-2.140625e+00
-2.151855e+00
-2.163574e+00
-2.173828e+00
-2.183594e+00
-2.192871e+00
-2.201660e+00
-2.209961e+00
-2.216797e+00
-2.223633e+00
-2.229492e+00
-2.234863e+00
-2.239258e+00
-2.243164e+00
-2.246582e+00
-2.249023e+00
-2.250488e+00
-2.251465e+00
-2.251465e+00
-2.250977e+00
-2.249512e+00
-2.247070e+00
-2.244141e+00
-2.240723e+00
-2.236328e+00
-2.231445e+00
-2.225098e+00
-2.218262e+00
-2.210938e+00
-2.202148e+00
-2.193359e+00
-2.183105e+00
-2.172363e+00
-2.160645e+00
-2.148926e+00
-2.135254e+00
-2.121582e+00
-2.105957e+00
-2.090820e+00
-2.074219e+00
-2.057129e+00
-2.038574e+00
-2.020508e+00
-2.000488e+00
-1.980957e+00
-1.958984e+00
-1.937500e+00
-1.914063e+00
-1.891113e+00
-1.865723e+00
-1.841309e+00
-1.815918e+00
-1.788574e+00
-1.761719e+00
-1.732422e+00
-1.704102e+00
-1.673828e+00
-1.644043e+00
-1.612305e+00
-1.580566e+00
-1.547363e+00
-1.514160e+00
-1.479492e+00
-1.445801e+00
-1.409180e+00
-1.374023e+00
-1.335938e+00
-1.299316e+00
-1.259766e+00
-1.221680e+00
-1.181152e+00
-1.142090e+00
-1.100098e+00
-1.060059e+00
-1.016602e+00
-9.750977e-01
-9.331055e-01
-8.881836e-01
-8.447266e-01
-7.988281e-01
-7.548828e-01
-7.075195e-01
-6.625977e-01
-6.142578e-01
-5.678711e-01
-5.190430e-01
-4.716797e-01
-4.218750e-01
-3.735352e-01
-3.227539e-01
-2.744141e-01
-2.226563e-01
-1.733398e-01
-1.206055e-01
-7.031250e-02
-1.708984e-02
3.369141e-02
8.740234e-02
1.386719e-01
1.928711e-01
2.441406e-01
2.963867e-01
3.515625e-01
4.038086e-01
4.594727e-01
5.117188e-01
5.673828e-01
6.206055e-01
6.762695e-01
7.294922e-01
7.856445e-01
8.388672e-01
8.950195e-01
9.482422e-01
1.004395e+00
1.058105e+00
1.114258e+00
1.167480e+00
1.223145e+00
1.276855e+00
1.332520e+00
1.385254e+00
1.440430e+00
1.493164e+00
1.548340e+00
1.601074e+00
1.653320e+00
1.708008e+00
1.759766e+00
1.813477e+00
1.864746e+00
1.918457e+00
1.968750e+00
2.021973e+00
2.071777e+00
2.124023e+00
2.173340e+00
2.224609e+00
2.272949e+00
2.323730e+00
2.371582e+00
2.420898e+00
2.467773e+00
2.516602e+00
2.562500e+00
2.609863e+00
2.654785e+00
2.701172e+00
2.745117e+00
2.790527e+00
2.832520e+00
2.874512e+00
2.918457e+00
2.958984e+00
3.000977e+00
3.040527e+00
3.081543e+00
3.119629e+00
3.158691e+00
3.195313e+00
3.233398e+00
3.268555e+00
3.304688e+00
3.338867e+00
3.373535e+00
3.405762e+00
3.438965e+00
3.469238e+00
3.500977e+00
3.529785e+00
3.560059e+00
3.586914e+00
3.615234e+00
3.641113e+00
3.666992e+00
3.690918e+00
3.714355e+00
3.737793e+00
3.759277e+00
3.780762e+00
3.800293e+00
3.819824e+00
3.837402e+00
3.855469e+00
3.871094e+00
3.887207e+00
3.901367e+00
3.915039e+00
3.927246e+00
3.938477e+00
3.949219e+00
3.958984e+00
3.966797e+00
3.974609e+00
3.981445e+00
3.986816e+00
3.991211e+00
3.995117e+00
3.997559e+00
3.999023e+00
4.000000e+00
3.999023e+00
3.997559e+00
3.995117e+00
3.991699e+00
3.987793e+00
3.981445e+00
3.975586e+00
3.968262e+00
3.959473e+00
3.949707e+00
3.939941e+00
3.928223e+00
3.916016e+00
3.902832e+00
3.888672e+00
3.873047e+00
3.857422e+00
3.839844e+00
3.822266e+00
3.802246e+00
3.782715e+00
3.761230e+00
3.740723e+00
3.717285e+00
3.693848e+00
3.669922e+00
3.644043e+00
3.618164e+00
3.590820e+00
3.562988e+00
3.533203e+00
3.504395e+00
3.473145e+00
3.442871e+00
3.409180e+00
3.376953e+00
3.342773e+00
3.309082e+00
3.272461e+00
3.237793e+00
3.199707e+00
3.163086e+00
3.124023e+00
3.085938e+00
3.045410e+00
3.005859e+00
2.963867e+00
2.923340e+00
2.879883e+00
2.837891e+00
2.795410e+00
2.750000e+00
2.706543e+00
2.660156e+00
2.615234e+00
2.567871e+00
2.521973e+00
2.473633e+00
2.427246e+00
2.377441e+00
2.329590e+00
2.279297e+00
2.230957e+00
2.179688e+00
2.130371e+00
2.078125e+00
2.028320e+00
1.975098e+00
1.924805e+00
1.871094e+00
1.819824e+00
1.766113e+00
1.713867e+00
1.659668e+00
1.607422e+00
1.555176e+00
1.500000e+00
1.447266e+00
1.392090e+00
1.339355e+00
1.317383e+00
1.262207e+00
1.208496e+00
1.152832e+00
1.099121e+00
1.042969e+00
9.887695e-01
9.335938e-01
8.789063e-01
8.237305e-01
7.695313e-01
7.138672e-01
6.601563e-01
6.049805e-01
5.512695e-01
4.960938e-01
4.428711e-01
3.881836e-01
3.344727e-01
2.807617e-01
2.285156e-01
1.757813e-01
1.220703e-01
7.031250e-02
1.757813e-02
-3.417969e-02
-8.642578e-02
-1.376953e-01
-1.894531e-01
-2.392578e-01
-2.905273e-01
-3.403320e-01
-3.901367e-01
-4.389648e-01
-4.877930e-01
-5.361328e-01
-5.839844e-01
-6.313477e-01
-6.787109e-01
-7.246094e-01
-7.714844e-01
-8.164063e-01
-8.618164e-01
-9.052734e-01
-9.497070e-01
-9.916992e-01
-1.034180e+00
-1.076172e+00
-1.118164e+00
-1.158691e+00
-1.199219e+00
-1.238281e+00
-1.277344e+00
-1.315918e+00
-1.353516e+00
-1.390137e+00
-1.426270e+00
-1.461914e+00
-1.496582e+00
-1.531250e+00
-1.564453e+00
-1.597168e+00
-1.629395e+00
-1.660156e+00
-1.691406e+00
-1.720703e+00
-1.749512e+00
-1.777832e+00
-1.805664e+00
-1.832031e+00
-1.857422e+00
-1.882813e+00
-1.906738e+00
-1.931152e+00
-1.953125e+00
-1.975586e+00
-1.996582e+00
-2.016602e+00
-2.036133e+00
-2.041504e+00
-2.060059e+00
-2.076660e+00
-2.093750e+00
-2.108887e+00
-2.124023e+00
-2.137695e+00
-2.150879e+00
-2.163086e+00
-2.174805e+00
-2.185059e+00
-2.195313e+00
-2.204102e+00
-2.212891e+00
-2.220215e+00
-2.227051e+00
-2.233398e+00
-2.238281e+00
-2.242676e+00
-2.246094e+00
-2.249023e+00
-2.250977e+00
-2.252441e+00
-2.252930e+00
-2.252441e+00
-2.251465e+00
-2.249512e+00
-2.247559e+00
-2.244141e+00
-2.240723e+00
-2.235840e+00
-2.230957e+00
-2.224121e+00
-2.218262e+00
-2.210449e+00
-2.202637e+00
-2.193848e+00
-2.184570e+00
-2.174316e+00
-2.163574e+00
-2.152344e+00
-2.140625e+00
-2.128418e+00
-2.115234e+00
-2.102051e+00
-2.087402e+00
-2.072754e+00
-2.057129e+00
-2.041504e+00
-2.024414e+00
-2.008301e+00
-1.990234e+00
-1.972656e+00
-1.953613e+00
-1.935547e+00
-1.916016e+00
-1.896484e+00
-1.875977e+00
-1.855957e+00
-1.834473e+00
-1.813477e+00
-1.791016e+00
-1.769531e+00
-1.746094e+00
-1.724121e+00
-1.700195e+00
-1.677246e+00
-3.185059e+00
-3.211914e+00
6.938477e-01
6.787109e-01
-1.597168e+00
-1.570801e+00
-1.547363e+00
-1.520508e+00
-1.496094e+00
-1.469238e+00
-1.444336e+00
-1.417480e+00
-1.392578e+00
-1.365234e+00
-1.339844e+00
-1.312012e+00
-1.286621e+00
-1.258789e+00
-1.233398e+00
-1.205566e+00
-1.179688e+00
-1.151855e+00
-1.126465e+00
-1.098633e+00
-1.073242e+00
-1.045410e+00
-1.020020e+00
-9.921875e-01
-9.663086e-01
-9.414063e-01
-9.145508e-01
-8.896484e-01
-8.623047e-01
-8.378906e-01
-8.115234e-01
-7.871094e-01
-7.607422e-01
-7.368164e-01
-7.109375e-01
-6.875000e-01
-6.625977e-01
-6.396484e-01
-6.152344e-01
-5.927734e-01
-5.683594e-01
-5.468750e-01
-5.234375e-01
-5.024414e-01
-4.799805e-01
-4.594727e-01
-4.375000e-01
-4.179688e-01
-3.969727e-01
-3.774414e-01
-3.588867e-01
-3.393555e-01
-3.212891e-01
-3.027344e-01
-2.856445e-01
-2.675781e-01
-2.519531e-01
-2.348633e-01
-2.197266e-01
-2.041016e-01
-1.899414e-01
-1.748047e-01
-1.616211e-01
-1.479492e-01
-1.357422e-01
-1.230469e-01
-1.123047e-01
-1.005859e-01
-9.082031e-02
-8.007813e-02
-7.128906e-02
-6.201172e-02
-5.371094e-02
-4.638672e-02
-3.906250e-02
-3.320313e-02
-2.734375e-02
-2.197266e-02
-1.660156e-02
-1.318359e-02
-8.789063e-03
-6.347656e-03
-3.906250e-03
-1.953125e-03
-4.882813e-04
0.000000e+00
-4.882813e-04
-1.464844e-03
-2.441406e-03
-3.906250e-03
-6.835938e-03
-9.277344e-03
-1.318359e-02
-1.757813e-02
-2.246094e-02
-2.734375e-02
-3.417969e-02
-4.003906e-02
-4.736328e-02
-5.517578e-02
-6.298828e-02
-7.226563e-02
-8.154297e-02
-9.179688e-02
-1.015625e-01
-1.132813e-01
-1.245117e-01
-1.372070e-01
-1.494141e-01
-1.630859e-01
-1.762695e-01
-1.909180e-01
-2.050781e-01
-2.211914e-01
-2.363281e-01
-2.534180e-01
-2.690430e-01
-2.871094e-01
-3.037109e-01
-3.227539e-01
-3.403320e-01
-3.598633e-01
-3.784180e-01
-3.994141e-01
-4.189453e-01
-4.384766e-01
-4.604492e-01
-4.809570e-01
-5.034180e-01
-5.244141e-01
-5.473633e-01
-5.688477e-01
-5.927734e-01
-6.147461e-01
-6.391602e-01
-6.625977e-01
-6.875000e-01
-7.104492e-01
-7.358398e-01
-7.597656e-01
-7.856445e-01
-8.095703e-01
-8.359375e-01
-8.603516e-01
-8.872070e-01
-9.116211e-01
-9.389648e-01
-9.633789e-01
-9.907227e-01
-1.016113e+00
-1.041504e+00
-1.068848e+00
-1.094238e+00
-1.121582e+00
-1.146973e+00
-1.174805e+00
-1.199707e+00
-1.227051e+00
-1.252441e+00
-1.279785e+00
-1.304688e+00
-1.332520e+00
-1.356934e+00
-1.384277e+00
-1.408203e+00
-1.480957e+00
-1.506836e+00
-1.531738e+00
-1.557129e+00
-1.581543e+00
-1.606445e+00
-1.630371e+00
-1.655273e+00
-1.678223e+00
-1.700684e+00
-1.724609e+00
-1.747070e+00
-1.770020e+00
-1.791504e+00
-1.813965e+00
-1.834473e+00
-1.856445e+00
-1.876465e+00
-1.896484e+00
-1.916016e+00
-1.935547e+00
-1.954102e+00
-1.972656e+00
-1.990234e+00
-2.008301e+00
-2.024902e+00
-2.041504e+00
-2.057129e+00
-2.072754e+00
-2.086914e+00
-2.101563e+00
-2.115234e+00
-2.128418e+00
-2.140625e+00
-2.151855e+00
-2.163574e+00
-2.173828e+00
-2.183594e+00
-2.192871e+00
-2.201660e+00
-2.209961e+00
-2.216797e+00
-2.223633e+00
-2.229492e+00
-2.234863e+00
-2.239258e+00
-2.243164e+00
-2.246582e+00
-2.249023e+00
-2.250488e+00
-2.251465e+00
-2.251465e+00
-2.250977e+00
-2.249512e+00
-2.247070e+00
-2.244141e+00
-2.240723e+00
-2.236328e+00
-2.231445e+00
-2.225098e+00
-2.218262e+00
-2.210938e+00
-2.202148e+00
-2.193359e+00
-2.183105e+00
-2.172363e+00
-2.160645e+00
-2.148926e+00
-2.135254e+00
-2.121582e+00
-2.105957e+00
-2.090820e+00
-2.074219e+00
-2.057129e+00
-2.038574e+00
-2.020508e+00
-2.000488e+00
-1.980957e+00
-1.958984e+00
-1.937500e+00
-1.914063e+00
-1.891113e+00
-1.865723e+00
-1.841309e+00
-1.815918e+00
-1.788574e+00
-1.761719e+00
-1.732422e+00
-1.704102e+00
-1.673828e+00
-1.644043e+00
-1.612305e+00
-1.580566e+00
-1.547363e+00
-1.514160e+00
-1.479492e+00
-1.445801e+00
-1.409180e+00
-1.374023e+00
-1.335938e+00
-1.299316e+00
-1.259766e+00
-1.221680e+00
-1.181152e+00
-1.142090e+00
-1.100098e+00
-1.060059e+00
-1.016602e+00
-9.750977e-01
-9.331055e-01
-8.881836e-01
-8.447266e-01
-7.988281e-01
-7.548828e-01
-7.075195e-01
-6.625977e-01
-6.142578e-01
-5.678711e-01
-5.190430e-01
-4.716797e-01
-4.218750e-01
-3.735352e-01
-3.227539e-01
-2.744141e-01
-2.226563e-01
-1.733398e-01
-1.206055e-01
-7.031250e-02
-1.708984e-02
3.369141e-02
8.740234e-02
1.386719e-01
1.928711e-01
2.441406e-01
2.963867e-01
3.515625e-01
4.038086e-01
4.594727e-01
5.117188e-01
5.673828e-01
6.206055e-01
6.762695e-01
7.294922e-01
7.856445e-01
8.388672e-01
8.950195e-01
9.482422e-01
1.004395e+00
1.058105e+00
1.114258e+00
1.167480e+00
1.223145e+00
1.276855e+00
1.332520e+00
1.385254e+00
1.440430e+00
1.493164e+00
1.548340e+00
1.601074e+00
1.653320e+00
1.708008e+00
1.759766e+00
1.813477e+00
1.864746e+00
1.918457e+00
1.968750e+00
2.021973e+00
2.071777e+00
2.124023e+00
2.173340e+00
2.224609e+00
2.272949e+00
2.323730e+00
2.371582e+00
2.420898e+00
2.467773e+00
2.516602e+00
2.562500e+00
2.609863e+00
2.654785e+00
2.701172e+00
2.745117e+00
2.790527e+00
2.832520e+00
2.874512e+00
2.918457e+00
2.958984e+00
3.000977e+00
3.040527e+00
3.081543e+00
3.119629e+00
3.158691e+00
3.195313e+00
3.233398e+00
3.268555e+00
3.304688e+00
3.338867e+00
3.373535e+00
3.405762e+00
3.438965e+00
3.469238e+00
3.500977e+00
3.529785e+00
3.560059e+00
3.586914e+00
3.615234e+00
3.641113e+00
3.666992e+00
3.690918e+00
3.714355e+00
3.737793e+00
3.759277e+00
3.780762e+00
3.800293e+00
3.819824e+00
3.837402e+00
3.855469e+00
3.871094e+00
3.887207e+00
3.901367e+00
3.915039e+00
3.927246e+00
3.938477e+00
3.949219e+00
3.958984e+00
3.966797e+00
3.974609e+00
3.981445e+00
3.986816e+00
3.991211e+00
3.995117e+00
3.997559e+00
3.999023e+00
4.000000e+00
3.999023e+00
3.997559e+00
3.995117e+00
3.991699e+00
3.987793e+00
3.981445e+00
3.975586e+00
3.968262e+00
3.959473e+00
3.949707e+00
3.939941e+00
3.928223e+00
3.916016e+00
3.902832e+00
3.888672e+00
3.873047e+00
3.857422e+00
3.839844e+00
3.822266e+00
3.802246e+00
3.782715e+00
3.761230e+00
3.740723e+00
3.717285e+00
3.693848e+00
3.669922e+00
3.644043e+00
3.618164e+00
3.590820e+00
3.562988e+00
3.533203e+00
3.504395e+00
3.473145e+00
3.442871e+00
3.409180e+00
3.376953e+00
3.342773e+00
3.309082e+00
3.272461e+00
3.237793e+00
3.199707e+00
3.163086e+00
3.124023e+00
3.085938e+00
3.045410e+00
3.005859e+00
2.963867e+00
2.923340e+00
2.879883e+00
2.837891e+00
2.795410e+00
2.750000e+00
2.706543e+00
2.660156e+00
2.615234e+00
2.567871e+00
2.521973e+00
2.473633e+00
2.427246e+00
2.377441e+00
2.329590e+00
2.279297e+00
2.230957e+00
2.179688e+00
2.130371e+00
2.078125e+00
2.028320e+00
1.975098e+00
1.924805e+00
1.871094e+00
1.819824e+00
1.766113e+00
1.713867e+00
1.659668e+00
1.607422e+00
1.555176e+00
1.500000e+00
1.447266e+00
1.392090e+00
1.339355e+00
1.317383e+00
1.262207e+00
1.208496e+00
1.152832e+00
1.099121e+00
1.042969e+00
9.887695e-01
9.335938e-01
8.789063e-01
8.237305e-01
7.695313e-01
7.138672e-01
6.601563e-01
6.049805e-01
5.512695e-01
4.960938e-01
4.428711e-01
3.881836e-01
3.344727e-01
2.807617e-01
2.285156e-01
1.757813e-01
1.220703e-01
7.031250e-02
1.757813e-02
-3.417969e-02
-8.642578e-02
-1.376953e-01
-1.894531e-01
-2.392578e-01
-2.905273e-01
-3.403320e-01
-3.901367e-01
-4.389648e-01
-4.877930e-01
-5.361328e-01
-5.839844e-01
-6.313477e-01
-6.787109e-01
-7.246094e-01
-7.714844e-01
-8.164063e-01
-8.618164e-01
-9.052734e-01
-9.497070e-01
-9.916992e-01
-1.034180e+00
-1.076172e+00
-1.118164e+00
-1.158691e+00
-1.199219e+00
-1.238281e+00
-1.277344e+00
-1.315918e+00
-1.353516e+00
-1.390137e+00
-1.426270e+00
-1.461914e+00
-1.496582e+00
-1.531250e+00
-1.564453e+00
-1.597168e+00
-1.629395e+00
-1.660156e+00
-1.691406e+00
-1.720703e+00
-1.749512e+00
-1.777832e+00
-1.805664e+00
-1.832031e+00
-1.857422e+00
-1.882813e+00
-1.906738e+00
-1.931152e+00
-1.953125e+00
-1.975586e+00
-1.996582e+00
-2.016602e+00
-2.036133e+00
-2.041504e+00
-2.060059e+00
-2.076660e+00
-2.093750e+00
-2.108887e+00
-2.124023e+00
-2.137695e+00
-2.150879e+00
-2.163086e+00
-2.174805e+00
-2.185059e+00
-2.195313e+00
-2.204102e+00
-2.212891e+00
-2.220215e+00
-2.227051e+00
-2.233398e+00
-2.238281e+00
-2.242676e+00
-2.246094e+00
-2.249023e+00
-2.250977e+00
-2.252441e+00
-2.252930e+00
-2.252441e+00
-2.251465e+00
-2.249512e+00
-2.247559e+00
-2.244141e+00
-2.240723e+00
-2.235840e+00
-2.230957e+00
-2.224121e+00
-2.218262e+00
-2.210449e+00
-2.202637e+00
-2.193848e+00
-2.184570e+00
-2.174316e+00
-2.163574e+00
-2.152344e+00
-2.140625e+00
-2.128418e+00
-2.115234e+00
-2.102051e+00
-2.087402e+00
-2.072754e+00
-2.057129e+00
-2.041504e+00
-2.024414e+00
-2.008301e+00
-1.990234e+00
-1.972656e+00
-1.953613e+00
-1.935547e+00
-1.916016e+00
-1.896484e+00
-1.875977e+00
-1.855957e+00
-1.834473e+00
-1.813477e+00
-1.791016e+00
-1.769531e+00
-1.746094e+00
-1.724121e+00
-1.700195e+00
-1.677246e+00
-3.185059e+00
-3.211914e+00
6.938477e-01
6.787109e-01
-1.597168e+00
-1.570801e+00
-1.547363e+00
-1.520508e+00
-1.496094e+00
-1.469238e+00
-1.444336e+00
-1.417480e+00
-1.392578e+00
-1.365234e+00
-1.339844e+00
-1.312012e+00
-1.286621e+00
-1.258789e+00
-1.233398e+00
-1.205566e+00
-1.179688e+00
-1.151855e+00
-1.126465e+00
-1.098633e+00
-1.073242e+00
-1.045410e+00
-1.020020e+00
-9.921875e-01
-9.663086e-01
-9.414063e-01
-9.145508e-01
-8.896484e-01
-8.623047e-01
-8.378906e-01
-8.115234e-01
-7.871094e-01
-7.607422e-01
-7.368164e-01
-7.109375e-01
-6.875000e-01
-6.625977e-01
-6.396484e-01
-6.152344e-01
-5.927734e-01
-5.683594e-01
-5.468750e-01
-5.234375e-01
-5.024414e-01
-4.799805e-01
-4.594727e-01
-4.375000e-01
-4.179688e-01
-3.969727e-01
-3.774414e-01
-3.588867e-01
-3.393555e-01
-3.212891e-01
-3.027344e-01
-2.856445e-01
-2.675781e-01
-2.519531e-01
-2.348633e-01
-2.197266e-01
-2.041016e-01
-1.899414e-01
-1.748047e-01
-1.616211e-01
-1.479492e-01
-1.357422e-01
-1.230469e-01
-1.123047e-01
-1.005859e-01
-9.082031e-02
-8.007813e-02
-7.128906e-02
-6.201172e-02
-5.371094e-02
-4.638672e-02
-3.906250e-02
-3.320313e-02
-2.734375e-02
-2.197266e-02
-1.660156e-02
-1.318359e-02
-8.789063e-03
-6.347656e-03
-3.906250e-03
-1.953125e-03
-4.882813e-04
0.000000e+00
-4.882813e-04
-1.464844e-03
-2.441406e-03
-3.906250e-03
-6.835938e-03
-9.277344e-03
-1.318359e-02
-1.757813e-02
-2.246094e-02
-2.734375e-02
-3.417969e-02
-4.003906e-02
-4.736328e-02
-5.517578e-02
-6.298828e-02
-7.226563e-02
-8.154297e-02
-9.179688e-02
-1.015625e-01
-1.132813e-01
-1.245117e-01
-1.372070e-01
-1.494141e-01
-1.630859e-01
-1.762695e-01
-1.909180e-01
-2.050781e-01
-2.211914e-01
-2.363281e-01
-2.534180e-01
-2.690430e-01
-2.871094e-01
-3.037109e-01
-3.227539e-01
-3.403320e-01
-3.598633e-01
-3.784180e-01
-3.994141e-01
-4.189453e-01
-4.384766e-01
-4.604492e-01
-4.809570e-01
-5.034180e-01
-5.244141e-01
-5.473633e-01
-5.688477e-01
-5.927734e-01
-6.147461e-01
-6.391602e-01
-6.625977e-01
-6.875000e-01
-7.104492e-01
-7.358398e-01
-7.597656e-01
-7.856445e-01
-8.095703e-01
-8.359375e-01
-8.603516e-01
-8.872070e-01
-9.116211e-01
-9.389648e-01
-9.633789e-01
-9.907227e-01
-1.016113e+00
-1.041504e+00
-1.068848e+00
-1.094238e+00
-1.121582e+00
-1.146973e+00
-1.174805e+00
-1.199707e+00
-1.227051e+00
-1.252441e+00
-1.279785e+00
-1.304688e+00
-1.332520e+00
-1.356934e+00
-1.384277e+00
-1.408203e+00
-1.480957e+00
-1.506836e+00
-1.531738e+00
-1.557129e+00
-1.581543e+00
-1.606445e+00
-1.630371e+00
-1.655273e+00
-1.678223e+00
-1.700684e+00
-1.724609e+00
-1.747070e+00
-1.770020e+00
-1.791504e+00
-1.813965e+00
-1.834473e+00
-1.856445e+00
-1.876465e+00
-1.896484e+00
-1.916016e+00
-1.935547e+00
-1.954102e+00
-1.972656e+00
-1.990234e+00
-2.008301e+00
-2.024902e+00
-2.041504e+00
-2.057129e+00
-2.072754e+00
-2.086914e+00
-2.101563e+00
-2.115234e+00
-2.128418e+00
-2.140625e+00
-2.151855e+00
-2.163574e+00
-2.173828e+00
-2.183594e+00
-2.192871e+00
-2.201660e+00
-2.209961e+00
-2.216797e+00
-2.223633e+00
-2.229492e+00
-2.234863e+00
-2.239258e+00
-2.243164e+00
-2.246582e+00
-2.249023e+00
-2.250488e+00
-2.251465e+00
-2.251465e+00
-2.250977e+00
-2.249512e+00
-2.247070e+00
-2.244141e+00
-2.240723e+00
-2.236328e+00
-2.231445e+00
-2.225098e+00
-2.218262e+00
-2.210938e+00
-2.202148e+00
-2.193359e+00
-2.183105e+00
-2.172363e+00
-2.160645e+00
-2.148926e+00
-2.135254e+00
-2.121582e+00
-2.105957e+00
-2.090820e+00
-2.074219e+00
-2.057129e+00
-2.038574e+00
-2.020508e+00
-2.000488e+00
-1.980957e+00
-1.958984e+00
-1.937500e+00
-1.914063e+00
-1.891113e+00
-1.865723e+00
-1.841309e+00
-1.815918e+00
-1.788574e+00
-1.761719e+00
-1.732422e+00
-1.704102e+00
-1.673828e+00
-1.644043e+00
-1.612305e+00
-1.580566e+00
-1.547363e+00
-1.514160e+00
-1.479492e+00
-1.445801e+00
-1.409180e+00
-1.374023e+00
-1.335938e+00
-1.299316e+00
-1.259766e+00
-1.221680e+00
-1.181152e+00
-1.142090e+00
-1.100098e+00
-1.060059e+00
-1.016602e+00
-9.750977e-01
-9.331055e-01
-8.881836e-01
-8.447266e-01
-7.988281e-01
-7.548828e-01
-7.075195e-01
-6.625977e-01
-6.142578e-01
-5.678711e-01
-5.190430e-01
-4.716797e-01
-4.218750e-01
-3.735352e-01
-3.227539e-01
-2.744141e-01
-2.226563e-01
-1.733398e-01
-1.206055e-01
-7.031250e-02
-1.708984e-02
3.369141e-02
8.740234e-02
1.386719e-01
1.928711e-01
2.441406e-01
2.963867e-01
3.515625e-01
4.038086e-01
4.594727e-01
5.117188e-01
5.673828e-01
6.206055e-01
6.762695e-01
7.294922e-01
7.856445e-01
8.388672e-01
8.950195e-01
9.482422e-01
1.004395e+00
1.058105e+00
1.114258e+00
1.167480e+00
1.223145e+00
1.276855e+00
1.332520e+00
1.385254e+00
1.440430e+00
1.493164e+00
1.548340e+00
1.601074e+00
1.653320e+00
1.708008e+00
1.759766e+00
1.813477e+00
1.864746e+00
1.918457e+00
1.968750e+00
2.021973e+00
2.071777e+00
2.124023e+00
2.173340e+00
2.224609e+00
2.272949e+00
2.323730e+00
2.371582e+00
2.420898e+00
2.467773e+00
2.516602e+00
2.562500e+00
2.609863e+00
2.654785e+00
2.701172e+00
2.745117e+00
2.790527e+00
2.832520e+00
2.874512e+00
2.918457e+00
2.958984e+00
3.000977e+00
3.040527e+00
3.081543e+00
3.119629e+00
3.158691e+00
3.195313e+00
