0.000000e+00
0.000000e+00
0.000000e+00
0.000000e+00
0.000000e+00
0.000000e+00
0.000000e+00
0.000000e+00
0.000000e+00
0.000000e+00
0.000000e+00
0.000000e+00
0.000000e+00
0.000000e+00
0.000000e+00
0.000000e+00
0.000000e+00
-1.250000e-01
0.000000e+00
0.000000e+00
0.000000e+00
-6.250000e-01
-6.250000e-01
-6.250000e-01
-6.250000e-01
-6.250000e-01
5.625000e-01
5.625000e-01
5.625000e-01
0.000000e+00
0.000000e+00
-6.250000e-01
-6.250000e-01
-6.250000e-01
-6.250000e-01
-6.250000e-01
-6.875000e-01
-6.250000e-01
-6.250000e-01
-6.250000e-01
-6.250000e-01
-6.250000e-01
-6.250000e-01
-6.250000e-01
-6.250000e-01
-6.250000e-01
-6.250000e-01
-6.250000e-01
-6.562500e-01
-5.625000e-01
-5.625000e-01
-5.625000e-01
-5.625000e-01
-5.625000e-01
-5.625000e-01
-5.625000e-01
-5.625000e-01
-5.625000e-01
-5.625000e-01
-5.625000e-01
-5.625000e-01
-5.937500e-01
-5.000000e-01
-5.000000e-01
-5.000000e-01
-5.000000e-01
-5.000000e-01
-5.000000e-01
-5.000000e-01
-5.000000e-01
-5.000000e-01
-5.000000e-01
-5.000000e-01
-5.312500e-01
-4.062500e-01
-4.062500e-01
-4.062500e-01
-4.062500e-01
-4.062500e-01
-4.062500e-01
-4.062500e-01
-4.062500e-01
-4.062500e-01
-4.062500e-01
-4.062500e-01
-4.062500e-01
-4.375000e-01
-3.437500e-01
-3.437500e-01
-3.437500e-01
-3.437500e-01
-3.437500e-01
-3.437500e-01
-3.437500e-01
-3.437500e-01
-3.437500e-01
-3.437500e-01
-3.437500e-01
-3.437500e-01
-2.500000e-01
-2.500000e-01
-2.500000e-01
-2.500000e-01
-2.500000e-01
-2.500000e-01
-2.500000e-01
-2.500000e-01
-2.500000e-01
-2.500000e-01
-2.500000e-01
-2.500000e-01
-2.812500e-01
-2.187500e-01
-2.187500e-01
-2.187500e-01
-2.187500e-01
-2.187500e-01
-2.187500e-01
-2.187500e-01
-2.187500e-01
-2.187500e-01
-2.187500e-01
-2.187500e-01
-2.187500e-01
-1.250000e-01
-1.250000e-01
-1.250000e-01
-1.250000e-01
-1.250000e-01
-1.250000e-01
-1.250000e-01
-1.250000e-01
-1.250000e-01
-1.250000e-01
-1.250000e-01
-1.250000e-01
-1.250000e-01
-6.250000e-02
-6.250000e-02
-6.250000e-02
-6.250000e-02
-6.250000e-02
-6.250000e-02
-6.250000e-02
-6.250000e-02
-6.250000e-02
-6.250000e-02
-6.250000e-02
-6.250000e-02
-3.125000e-02
-3.125000e-02
-3.125000e-02
-3.125000e-02
-3.125000e-02
-3.125000e-02
-3.125000e-02
-3.125000e-02
-3.125000e-02
-3.125000e-02
-3.125000e-02
-3.125000e-02
-3.125000e-02
0.000000e+00
0.000000e+00
0.000000e+00
0.000000e+00
0.000000e+00
0.000000e+00
0.000000e+00
0.000000e+00
0.000000e+00
0.000000e+00
0.000000e+00
0.000000e+00
0.000000e+00
0.000000e+00
0.000000e+00
0.000000e+00
0.000000e+00
0.000000e+00
0.000000e+00
0.000000e+00
0.000000e+00
0.000000e+00
0.000000e+00
0.000000e+00
0.000000e+00
-3.125000e-02
-5.000000e-01
-5.000000e-01
-5.000000e-01
-5.000000e-01
-5.000000e-01
-5.000000e-01
-5.000000e-01
-5.000000e-01
-5.000000e-01
-5.000000e-01
-5.937500e-01
-5.937500e-01
-5.937500e-01
-5.937500e-01
-5.937500e-01
-5.937500e-01
-5.937500e-01
-5.937500e-01
-5.937500e-01
-5.937500e-01
-5.937500e-01
-5.937500e-01
-5.937500e-01
-6.562500e-01
-6.562500e-01
-6.562500e-01
-6.562500e-01
-6.562500e-01
-6.562500e-01
-6.562500e-01
-6.562500e-01
-6.562500e-01
-6.562500e-01
-6.562500e-01
-6.562500e-01
-6.875000e-01
-6.875000e-01
-6.875000e-01
-6.875000e-01
-6.875000e-01
-6.875000e-01
-6.875000e-01
-6.875000e-01
-6.875000e-01
-6.875000e-01
-6.875000e-01
-6.875000e-01
-6.875000e-01
-7.500000e-01
-7.500000e-01
-7.500000e-01
-7.500000e-01
-7.500000e-01
-7.500000e-01
-7.500000e-01
-7.500000e-01
-7.500000e-01
-7.500000e-01
-7.500000e-01
-7.500000e-01
-7.812500e-01
-7.812500e-01
-7.812500e-01
-7.812500e-01
-7.812500e-01
-7.812500e-01
-7.812500e-01
-7.812500e-01
-7.812500e-01
-7.812500e-01
-7.812500e-01
-7.812500e-01
-7.812500e-01
-7.812500e-01
-7.812500e-01
-7.812500e-01
-7.812500e-01
-7.812500e-01
-7.812500e-01
-7.812500e-01
-7.812500e-01
-7.812500e-01
-7.812500e-01
-7.812500e-01
-7.812500e-01
-7.812500e-01
-7.812500e-01
-7.812500e-01
-7.812500e-01
-7.812500e-01
-7.812500e-01
-7.812500e-01
-7.812500e-01
-7.812500e-01
-7.812500e-01
-7.812500e-01
-7.812500e-01
-7.812500e-01
-7.187500e-01
-7.187500e-01
-7.187500e-01
-7.187500e-01
-7.187500e-01
-7.187500e-01
-7.187500e-01
-7.187500e-01
-7.187500e-01
-7.187500e-01
-7.187500e-01
-7.187500e-01
-6.875000e-01
-6.875000e-01
-6.875000e-01
-6.875000e-01
-6.875000e-01
-6.875000e-01
-6.875000e-01
-6.875000e-01
-6.875000e-01
-6.875000e-01
-6.875000e-01
-6.875000e-01
-6.875000e-01
-5.937500e-01
-5.937500e-01
-5.937500e-01
-5.937500e-01
-5.937500e-01
-5.937500e-01
-5.937500e-01
-5.937500e-01
-5.937500e-01
-5.937500e-01
-5.937500e-01
-5.937500e-01
-5.000000e-01
-5.000000e-01
-5.000000e-01
-5.000000e-01
-5.000000e-01
-5.000000e-01
-5.000000e-01
-5.000000e-01
-5.000000e-01
-5.000000e-01
-5.000000e-01
-5.000000e-01
-5.000000e-01
-3.750000e-01
-3.750000e-01
-3.750000e-01
-3.750000e-01
-3.750000e-01
-3.750000e-01
-3.750000e-01
-3.750000e-01
-3.750000e-01
-3.750000e-01
-3.750000e-01
-3.750000e-01
-2.500000e-01
-2.500000e-01
-2.500000e-01
-2.500000e-01
-2.500000e-01
-2.500000e-01
-2.500000e-01
-2.500000e-01
-2.500000e-01
-2.500000e-01
-2.500000e-01
-2.500000e-01
-2.500000e-01
-1.250000e-01
-1.250000e-01
-1.250000e-01
-1.250000e-01
-1.250000e-01
-1.250000e-01
-1.250000e-01
-1.250000e-01
-1.250000e-01
-1.250000e-01
-1.250000e-01
-1.250000e-01
3.125000e-02
3.125000e-02
3.125000e-02
3.125000e-02
3.125000e-02
3.125000e-02
3.125000e-02
3.125000e-02
3.125000e-02
3.125000e-02
3.125000e-02
3.125000e-02
3.125000e-02
1.875000e-01
1.875000e-01
1.875000e-01
1.875000e-01
1.875000e-01
1.875000e-01
1.875000e-01
1.875000e-01
1.875000e-01
1.875000e-01
1.875000e-01
1.875000e-01
3.437500e-01
3.437500e-01
3.437500e-01
3.437500e-01
3.437500e-01
3.437500e-01
3.437500e-01
3.437500e-01
3.437500e-01
3.437500e-01
3.437500e-01
3.437500e-01
3.437500e-01
4.687500e-01
4.687500e-01
4.687500e-01
4.687500e-01
4.687500e-01
4.687500e-01
4.687500e-01
4.687500e-01
4.687500e-01
4.687500e-01
4.687500e-01
4.687500e-01
5.625000e-01
5.625000e-01
5.625000e-01
5.625000e-01
5.625000e-01
5.625000e-01
5.625000e-01
5.625000e-01
5.625000e-01
5.625000e-01
5.625000e-01
5.625000e-01
5.625000e-01
7.187500e-01
7.187500e-01
7.187500e-01
7.187500e-01
7.187500e-01
7.187500e-01
7.187500e-01
7.187500e-01
7.187500e-01
7.187500e-01
7.187500e-01
7.187500e-01
8.125000e-01
8.125000e-01
8.125000e-01
8.125000e-01
8.125000e-01
8.125000e-01
8.125000e-01
8.125000e-01
8.125000e-01
8.125000e-01
8.125000e-01
8.125000e-01
8.125000e-01
8.750000e-01
8.750000e-01
8.750000e-01
8.750000e-01
8.750000e-01
8.750000e-01
8.750000e-01
8.750000e-01
8.750000e-01
8.750000e-01
8.750000e-01
8.750000e-01
9.375000e-01
9.375000e-01
9.375000e-01
9.375000e-01
9.375000e-01
9.375000e-01
9.375000e-01
9.375000e-01
9.375000e-01
9.375000e-01
9.375000e-01
9.375000e-01
9.375000e-01
9.375000e-01
9.375000e-01
9.375000e-01
9.375000e-01
9.375000e-01
9.375000e-01
9.375000e-01
9.375000e-01
9.375000e-01
9.375000e-01
9.375000e-01
9.375000e-01
9.375000e-01
9.375000e-01
9.375000e-01
9.375000e-01
9.375000e-01
9.375000e-01
9.375000e-01
9.375000e-01
9.375000e-01
9.375000e-01
9.375000e-01
9.375000e-01
9.375000e-01
9.062500e-01
9.062500e-01
3.437500e-01
3.437500e-01
3.437500e-01
3.437500e-01
3.437500e-01
3.437500e-01
3.437500e-01
3.437500e-01
3.437500e-01
3.437500e-01
3.750000e-01
2.812500e-01
2.812500e-01
2.812500e-01
2.812500e-01
2.812500e-01
2.812500e-01
2.812500e-01
2.812500e-01
2.812500e-01
2.812500e-01
2.812500e-01
2.812500e-01
2.812500e-01
2.187500e-01
2.187500e-01
2.187500e-01
2.187500e-01
2.187500e-01
2.187500e-01
2.187500e-01
2.187500e-01
2.187500e-01
2.187500e-01
2.187500e-01
2.187500e-01
1.250000e-01
1.250000e-01
1.250000e-01
1.250000e-01
1.250000e-01
1.250000e-01
1.250000e-01
1.250000e-01
1.250000e-01
1.250000e-01
1.250000e-01
1.250000e-01
9.375000e-02
3.125000e-02
3.125000e-02
3.125000e-02
3.125000e-02
3.125000e-02
3.125000e-02
3.125000e-02
3.125000e-02
3.125000e-02
3.125000e-02
3.125000e-02
3.125000e-02
0.000000e+00
0.000000e+00
0.000000e+00
0.000000e+00
0.000000e+00
0.000000e+00
0.000000e+00
0.000000e+00
0.000000e+00
0.000000e+00
0.000000e+00
0.000000e+00
-3.125000e-02
-6.250000e-02
-5.625000e-01
-5.625000e-01
-5.625000e-01
-5.625000e-01
-5.625000e-01
-5.625000e-01
-5.625000e-01
-5.625000e-01
-5.625000e-01
-5.625000e-01
-5.625000e-01
-6.250000e-01
-6.250000e-01
-6.250000e-01
-6.250000e-01
-6.250000e-01
-6.250000e-01
-6.250000e-01
-6.250000e-01
-6.250000e-01
-6.250000e-01
-6.250000e-01
-6.250000e-01
-6.250000e-01
-6.562500e-01
-6.562500e-01
-6.562500e-01
-6.562500e-01
-6.562500e-01
-6.562500e-01
-6.562500e-01
-6.562500e-01
-6.562500e-01
-6.562500e-01
-6.562500e-01
-6.562500e-01
-6.875000e-01
-6.875000e-01
-6.875000e-01
-6.875000e-01
-6.875000e-01
-6.875000e-01
-6.875000e-01
-6.875000e-01
-6.875000e-01
-6.875000e-01
-6.875000e-01
-6.875000e-01
-6.875000e-01
-6.562500e-01
-6.562500e-01
-6.562500e-01
-6.562500e-01
-6.562500e-01
-6.562500e-01
-6.562500e-01
-6.562500e-01
-6.562500e-01
-6.562500e-01
-6.562500e-01
-6.562500e-01
-6.250000e-01
-6.250000e-01
-6.250000e-01
-6.250000e-01
-6.250000e-01
-6.250000e-01
-6.250000e-01
-1.250000e-01
-1.250000e-01
0.000000e+00
0.000000e+00
-6.250000e-01
-6.250000e-01
-6.250000e-01
-6.250000e-01
-6.250000e-01
-6.875000e-01
-6.250000e-01
-6.250000e-01
-6.250000e-01
-6.250000e-01
-6.250000e-01
-6.250000e-01
-6.250000e-01
-6.250000e-01
-6.250000e-01
-6.250000e-01
-6.250000e-01
-6.562500e-01
-5.625000e-01
-5.625000e-01
-5.625000e-01
-5.625000e-01
-5.625000e-01
-5.625000e-01
-5.625000e-01
-5.625000e-01
-5.625000e-01
-5.625000e-01
-5.625000e-01
-5.625000e-01
-5.937500e-01
-5.000000e-01
-5.000000e-01
-5.000000e-01
-5.000000e-01
-5.000000e-01
-5.000000e-01
-5.000000e-01
-5.000000e-01
-5.000000e-01
-5.000000e-01
-5.000000e-01
-5.312500e-01
-4.062500e-01
-4.062500e-01
-4.062500e-01
-4.062500e-01
-4.062500e-01
-4.062500e-01
-4.062500e-01
-4.062500e-01
-4.062500e-01
-4.062500e-01
-4.062500e-01
-4.062500e-01
-4.375000e-01
-3.437500e-01
-3.437500e-01
-3.437500e-01
-3.437500e-01
-3.437500e-01
-3.437500e-01
-3.437500e-01
-3.437500e-01
-3.437500e-01
-3.437500e-01
-3.437500e-01
-3.437500e-01
-2.500000e-01
-2.500000e-01
-2.500000e-01
-2.500000e-01
-2.500000e-01
-2.500000e-01
-2.500000e-01
-2.500000e-01
-2.500000e-01
-2.500000e-01
-2.500000e-01
-2.500000e-01
-2.812500e-01
-2.187500e-01
-2.187500e-01
-2.187500e-01
-2.187500e-01
-2.187500e-01
-2.187500e-01
-2.187500e-01
-2.187500e-01
-2.187500e-01
-2.187500e-01
-2.187500e-01
-2.187500e-01
-1.250000e-01
-1.250000e-01
-1.250000e-01
-1.250000e-01
-1.250000e-01
-1.250000e-01
-1.250000e-01
-1.250000e-01
-1.250000e-01
-1.250000e-01
-1.250000e-01
-1.250000e-01
-1.250000e-01
-6.250000e-02
-6.250000e-02
-6.250000e-02
-6.250000e-02
-6.250000e-02
-6.250000e-02
-6.250000e-02
-6.250000e-02
-6.250000e-02
-6.250000e-02
-6.250000e-02
-6.250000e-02
-3.125000e-02
-3.125000e-02
-3.125000e-02
-3.125000e-02
-3.125000e-02
-3.125000e-02
-3.125000e-02
-3.125000e-02
-3.125000e-02
-3.125000e-02
-3.125000e-02
-3.125000e-02
-3.125000e-02
0.000000e+00
0.000000e+00
0.000000e+00
0.000000e+00
0.000000e+00
0.000000e+00
0.000000e+00
0.000000e+00
0.000000e+00
0.000000e+00
0.000000e+00
0.000000e+00
0.000000e+00
0.000000e+00
0.000000e+00
0.000000e+00
0.000000e+00
0.000000e+00
0.000000e+00
0.000000e+00
0.000000e+00
0.000000e+00
0.000000e+00
0.000000e+00
0.000000e+00
-3.125000e-02
-5.000000e-01
-5.000000e-01
-5.000000e-01
-5.000000e-01
-5.000000e-01
-5.000000e-01
-5.000000e-01
-5.000000e-01
-5.000000e-01
-5.000000e-01
-5.937500e-01
-5.937500e-01
-5.937500e-01
-5.937500e-01
-5.937500e-01
-5.937500e-01
-5.937500e-01
-5.937500e-01
-5.937500e-01
-5.937500e-01
-5.937500e-01
-5.937500e-01
-5.937500e-01
-6.562500e-01
-6.562500e-01
-6.562500e-01
-6.562500e-01
-6.562500e-01
-6.562500e-01
-6.562500e-01
-6.562500e-01
-6.562500e-01
-6.562500e-01
-6.562500e-01
-6.562500e-01
-6.875000e-01
-6.875000e-01
-6.875000e-01
-6.875000e-01
-6.875000e-01
-6.875000e-01
-6.875000e-01
-6.875000e-01
-6.875000e-01
-6.875000e-01
-6.875000e-01
-6.875000e-01
-6.875000e-01
-7.500000e-01
-7.500000e-01
-7.500000e-01
-7.500000e-01
-7.500000e-01
-7.500000e-01
-7.500000e-01
-7.500000e-01
-7.500000e-01
-7.500000e-01
-7.500000e-01
-7.500000e-01
-7.812500e-01
-7.812500e-01
-7.812500e-01
-7.812500e-01
-7.812500e-01
-7.812500e-01
-7.812500e-01
-7.812500e-01
-7.812500e-01
-7.812500e-01
-7.812500e-01
-7.812500e-01
-7.812500e-01
-7.812500e-01
-7.812500e-01
-7.812500e-01
-7.812500e-01
-7.812500e-01
-7.812500e-01
-7.812500e-01
-7.812500e-01
-7.812500e-01
-7.812500e-01
-7.812500e-01
-7.812500e-01
-7.812500e-01
-7.812500e-01
-7.812500e-01
-7.812500e-01
-7.812500e-01
-7.812500e-01
-7.812500e-01
-7.812500e-01
-7.812500e-01
-7.812500e-01
-7.812500e-01
-7.812500e-01
-7.812500e-01
-7.187500e-01
-7.187500e-01
-7.187500e-01
-7.187500e-01
-7.187500e-01
-7.187500e-01
-7.187500e-01
-7.187500e-01
-7.187500e-01
-7.187500e-01
-7.187500e-01
-7.187500e-01
-6.875000e-01
-6.875000e-01
-6.875000e-01
-6.875000e-01
-6.875000e-01
-6.875000e-01
-6.875000e-01
-6.875000e-01
-6.875000e-01
-6.875000e-01
-6.875000e-01
-6.875000e-01
-6.875000e-01
-5.937500e-01
-5.937500e-01
-5.937500e-01
-5.937500e-01
-5.937500e-01
-5.937500e-01
-5.937500e-01
-5.937500e-01
-5.937500e-01
-5.937500e-01
-5.937500e-01
-5.937500e-01
-5.000000e-01
-5.000000e-01
-5.000000e-01
-5.000000e-01
-5.000000e-01
-5.000000e-01
-5.000000e-01
-5.000000e-01
-5.000000e-01
-5.000000e-01
-5.000000e-01
-5.000000e-01
-5.000000e-01
-3.750000e-01
-3.750000e-01
-3.750000e-01
-3.750000e-01
-3.750000e-01
-3.750000e-01
-3.750000e-01
-3.750000e-01
-3.750000e-01
-3.750000e-01
-3.750000e-01
-3.750000e-01
-2.500000e-01
-2.500000e-01
-2.500000e-01
-2.500000e-01
-2.500000e-01
-2.500000e-01
-2.500000e-01
-2.500000e-01
-2.500000e-01
-2.500000e-01
-2.500000e-01
-2.500000e-01
-2.500000e-01
-1.250000e-01
-1.250000e-01
-1.250000e-01
-1.250000e-01
-1.250000e-01
-1.250000e-01
-1.250000e-01
-1.250000e-01
-1.250000e-01
-1.250000e-01
-1.250000e-01
-1.250000e-01
3.125000e-02
3.125000e-02
3.125000e-02
3.125000e-02
3.125000e-02
3.125000e-02
3.125000e-02
3.125000e-02
3.125000e-02
3.125000e-02
3.125000e-02
3.125000e-02
3.125000e-02
1.875000e-01
1.875000e-01
1.875000e-01
1.875000e-01
1.875000e-01
1.875000e-01
1.875000e-01
1.875000e-01
1.875000e-01
1.875000e-01
1.875000e-01
1.875000e-01
3.437500e-01
3.437500e-01
3.437500e-01
3.437500e-01
3.437500e-01
3.437500e-01
3.437500e-01
3.437500e-01
3.437500e-01
3.437500e-01
3.437500e-01
3.437500e-01
3.437500e-01
4.687500e-01
4.687500e-01
4.687500e-01
4.687500e-01
4.687500e-01
4.687500e-01
4.687500e-01
4.687500e-01
4.687500e-01
4.687500e-01
4.687500e-01
4.687500e-01
5.625000e-01
5.625000e-01
5.625000e-01
5.625000e-01
5.625000e-01
5.625000e-01
5.625000e-01
5.625000e-01
5.625000e-01
5.625000e-01
5.625000e-01
5.625000e-01
5.625000e-01
7.187500e-01
7.187500e-01
7.187500e-01
7.187500e-01
7.187500e-01
7.187500e-01
7.187500e-01
7.187500e-01
7.187500e-01
7.187500e-01
7.187500e-01
7.187500e-01
8.125000e-01
8.125000e-01
8.125000e-01
8.125000e-01
8.125000e-01
8.125000e-01
8.125000e-01
8.125000e-01
8.125000e-01
8.125000e-01
8.125000e-01
8.125000e-01
8.125000e-01
8.750000e-01
8.750000e-01
8.750000e-01
8.750000e-01
8.750000e-01
8.750000e-01
8.750000e-01
8.750000e-01
8.750000e-01
8.750000e-01
8.750000e-01
8.750000e-01
9.375000e-01
9.375000e-01
9.375000e-01
9.375000e-01
9.375000e-01
9.375000e-01
9.375000e-01
9.375000e-01
9.375000e-01
9.375000e-01
9.375000e-01
9.375000e-01
9.375000e-01
9.375000e-01
9.375000e-01
9.375000e-01
9.375000e-01
9.375000e-01
9.375000e-01
9.375000e-01
9.375000e-01
9.375000e-01
9.375000e-01
9.375000e-01
9.375000e-01
9.375000e-01
9.375000e-01
9.375000e-01
9.375000e-01
9.375000e-01
9.375000e-01
9.375000e-01
9.375000e-01
9.375000e-01
9.375000e-01
9.375000e-01
9.375000e-01
9.375000e-01
9.062500e-01
9.062500e-01
3.437500e-01
3.437500e-01
3.437500e-01
3.437500e-01
3.437500e-01
3.437500e-01
3.437500e-01
3.437500e-01
3.437500e-01
3.437500e-01
3.750000e-01
2.812500e-01
2.812500e-01
2.812500e-01
2.812500e-01
2.812500e-01
2.812500e-01
2.812500e-01
2.812500e-01
2.812500e-01
2.812500e-01
2.812500e-01
2.812500e-01
2.812500e-01
2.187500e-01
2.187500e-01
2.187500e-01
2.187500e-01
2.187500e-01
2.187500e-01
2.187500e-01
2.187500e-01
2.187500e-01
2.187500e-01
2.187500e-01
2.187500e-01
1.250000e-01
1.250000e-01
1.250000e-01
1.250000e-01
1.250000e-01
1.250000e-01
1.250000e-01
1.250000e-01
1.250000e-01
1.250000e-01
1.250000e-01
1.250000e-01
9.375000e-02
3.125000e-02
3.125000e-02
3.125000e-02
3.125000e-02
3.125000e-02
3.125000e-02
3.125000e-02
3.125000e-02
3.125000e-02
3.125000e-02
3.125000e-02
3.125000e-02
0.000000e+00
0.000000e+00
0.000000e+00
0.000000e+00
0.000000e+00
0.000000e+00
0.000000e+00
0.000000e+00
0.000000e+00
0.000000e+00
0.000000e+00
0.000000e+00
-3.125000e-02
-6.250000e-02
-5.625000e-01
-5.625000e-01
-5.625000e-01
-5.625000e-01
-5.625000e-01
-5.625000e-01
-5.625000e-01
-5.625000e-01
-5.625000e-01
-5.625000e-01
-5.625000e-01
-6.250000e-01
-6.250000e-01
-6.250000e-01
-6.250000e-01
-6.250000e-01
-6.250000e-01
-6.250000e-01
-6.250000e-01
-6.250000e-01
-6.250000e-01
-6.250000e-01
-6.250000e-01
-6.250000e-01
-6.562500e-01
-6.562500e-01
-6.562500e-01
-6.562500e-01
-6.562500e-01
-6.562500e-01
-6.562500e-01
-6.562500e-01
-6.562500e-01
-6.562500e-01
-6.562500e-01
-6.562500e-01
-6.875000e-01
-6.875000e-01
-6.875000e-01
-6.875000e-01
-6.875000e-01
-6.875000e-01
-6.875000e-01
-6.875000e-01
-6.875000e-01
-6.875000e-01
-6.875000e-01
-6.875000e-01
-6.875000e-01
-6.562500e-01
-6.562500e-01
-6.562500e-01
-6.562500e-01
-6.562500e-01
-6.562500e-01
-6.562500e-01
-6.562500e-01
-6.562500e-01
-6.562500e-01
-6.562500e-01
-6.562500e-01
-6.250000e-01
-6.250000e-01
-6.250000e-01
-6.250000e-01
-6.250000e-01
-6.250000e-01
-6.250000e-01
-1.250000e-01
-1.250000e-01
0.000000e+00
0.000000e+00
-6.250000e-01
-6.250000e-01
-6.250000e-01
-6.250000e-01
-6.250000e-01
-6.875000e-01
-6.250000e-01
-6.250000e-01
-6.250000e-01
-6.250000e-01
-6.250000e-01
-6.250000e-01
-6.250000e-01
-6.250000e-01
-6.250000e-01
-6.250000e-01
-6.250000e-01
-6.562500e-01
-5.625000e-01
-5.625000e-01
-5.625000e-01
-5.625000e-01
-5.625000e-01
-5.625000e-01
-5.625000e-01
-5.625000e-01
-5.625000e-01
-5.625000e-01
-5.625000e-01
-5.625000e-01
-5.937500e-01
-5.000000e-01
-5.000000e-01
-5.000000e-01
-5.000000e-01
-5.000000e-01
-5.000000e-01
-5.000000e-01
-5.000000e-01
-5.000000e-01
-5.000000e-01
-5.000000e-01
-5.312500e-01
-4.062500e-01
-4.062500e-01
-4.062500e-01
-4.062500e-01
-4.062500e-01
-4.062500e-01
-4.062500e-01
-4.062500e-01
-4.062500e-01
-4.062500e-01
-4.062500e-01
-4.062500e-01
-4.375000e-01
-3.437500e-01
-3.437500e-01
-3.437500e-01
-3.437500e-01
-3.437500e-01
-3.437500e-01
-3.437500e-01
-3.437500e-01
-3.437500e-01
-3.437500e-01
-3.437500e-01
-3.437500e-01
-2.500000e-01
-2.500000e-01
-2.500000e-01
-2.500000e-01
-2.500000e-01
-2.500000e-01
-2.500000e-01
-2.500000e-01
-2.500000e-01
-2.500000e-01
-2.500000e-01
-2.500000e-01
-2.812500e-01
-2.187500e-01
-2.187500e-01
-2.187500e-01
-2.187500e-01
-2.187500e-01
-2.187500e-01
-2.187500e-01
-2.187500e-01
-2.187500e-01
-2.187500e-01
-2.187500e-01
-2.187500e-01
-1.250000e-01
-1.250000e-01
-1.250000e-01
-1.250000e-01
-1.250000e-01
-1.250000e-01
-1.250000e-01
-1.250000e-01
-1.250000e-01
-1.250000e-01
-1.250000e-01
-1.250000e-01
-1.250000e-01
-6.250000e-02
-6.250000e-02
-6.250000e-02
-6.250000e-02
-6.250000e-02
-6.250000e-02
-6.250000e-02
-6.250000e-02
-6.250000e-02
-6.250000e-02
-6.250000e-02
-6.250000e-02
-3.125000e-02
-3.125000e-02
-3.125000e-02
-3.125000e-02
-3.125000e-02
-3.125000e-02
-3.125000e-02
-3.125000e-02
-3.125000e-02
-3.125000e-02
-3.125000e-02
-3.125000e-02
-3.125000e-02
0.000000e+00
0.000000e+00
0.000000e+00
0.000000e+00
0.000000e+00
0.000000e+00
0.000000e+00
0.000000e+00
0.000000e+00
0.000000e+00
0.000000e+00
0.000000e+00
0.000000e+00
0.000000e+00
0.000000e+00
0.000000e+00
0.000000e+00
0.000000e+00
0.000000e+00
0.000000e+00
0.000000e+00
0.000000e+00
0.000000e+00
0.000000e+00
0.000000e+00
-3.125000e-02
-5.000000e-01
-5.000000e-01
-5.000000e-01
-5.000000e-01
-5.000000e-01
-5.000000e-01
-5.000000e-01
-5.000000e-01
-5.000000e-01
-5.000000e-01
-5.937500e-01
-5.937500e-01
-5.937500e-01
-5.937500e-01
-5.937500e-01
-5.937500e-01
-5.937500e-01
-5.937500e-01
-5.937500e-01
-5.937500e-01
-5.937500e-01
-5.937500e-01
-5.937500e-01
-6.562500e-01
-6.562500e-01
-6.562500e-01
-6.562500e-01
-6.562500e-01
-6.562500e-01
-6.562500e-01
-6.562500e-01
-6.562500e-01
-6.562500e-01
-6.562500e-01
-6.562500e-01
-6.875000e-01
-6.875000e-01
-6.875000e-01
-6.875000e-01
-6.875000e-01
-6.875000e-01
-6.875000e-01
-6.875000e-01
-6.875000e-01
-6.875000e-01
-6.875000e-01
-6.875000e-01
-6.875000e-01
-7.500000e-01
-7.500000e-01
-7.500000e-01
-7.500000e-01
-7.500000e-01
-7.500000e-01
-7.500000e-01
-7.500000e-01
-7.500000e-01
-7.500000e-01
-7.500000e-01
-7.500000e-01
-7.812500e-01
-7.812500e-01
-7.812500e-01
-7.812500e-01
-7.812500e-01
-7.812500e-01
-7.812500e-01
-7.812500e-01
-7.812500e-01
-7.812500e-01
-7.812500e-01
-7.812500e-01
-7.812500e-01
-7.812500e-01
-7.812500e-01
-7.812500e-01
-7.812500e-01
-7.812500e-01
-7.812500e-01
-7.812500e-01
-7.812500e-01
-7.812500e-01
-7.812500e-01
-7.812500e-01
-7.812500e-01
-7.812500e-01
-7.812500e-01
-7.812500e-01
-7.812500e-01
-7.812500e-01
-7.812500e-01
-7.812500e-01
-7.812500e-01
-7.812500e-01
-7.812500e-01
-7.812500e-01
-7.812500e-01
-7.812500e-01
-7.187500e-01
-7.187500e-01
-7.187500e-01
-7.187500e-01
-7.187500e-01
-7.187500e-01
-7.187500e-01
-7.187500e-01
-7.187500e-01
-7.187500e-01
-7.187500e-01
-7.187500e-01
-6.875000e-01
-6.875000e-01
-6.875000e-01
-6.875000e-01
-6.875000e-01
-6.875000e-01
-6.875000e-01
-6.875000e-01
-6.875000e-01
-6.875000e-01
-6.875000e-01
-6.875000e-01
-6.875000e-01
-5.937500e-01
-5.937500e-01
-5.937500e-01
-5.937500e-01
-5.937500e-01
-5.937500e-01
-5.937500e-01
-5.937500e-01
-5.937500e-01
-5.937500e-01
-5.937500e-01
-5.937500e-01
-5.000000e-01
-5.000000e-01
-5.000000e-01
-5.000000e-01
-5.000000e-01
-5.000000e-01
-5.000000e-01
-5.000000e-01
-5.000000e-01
-5.000000e-01
-5.000000e-01
-5.000000e-01
-5.000000e-01
-3.750000e-01
-3.750000e-01
-3.750000e-01
-3.750000e-01
-3.750000e-01
-3.750000e-01
-3.750000e-01
-3.750000e-01
-3.750000e-01
-3.750000e-01
-3.750000e-01
-3.750000e-01
-2.500000e-01
-2.500000e-01
-2.500000e-01
-2.500000e-01
-2.500000e-01
-2.500000e-01
-2.500000e-01
-2.500000e-01
-2.500000e-01
-2.500000e-01
-2.500000e-01
-2.500000e-01
-2.500000e-01
-1.250000e-01
-1.250000e-01
-1.250000e-01
-1.250000e-01
-1.250000e-01
-1.250000e-01
-1.250000e-01
-1.250000e-01
-1.250000e-01
-1.250000e-01
-1.250000e-01
