0.000000e+00
0.000000e+00
0.000000e+00
0.000000e+00
0.000000e+00
0.000000e+00
0.000000e+00
0.000000e+00
0.000000e+00
0.000000e+00
3.999999e+00
3.999999e+00
3.999999e+00
0.000000e+00
6.939178e-01
-3.243713e+00
-1.595379e+00
-1.570483e+00
-1.545364e+00
-1.520036e+00
-1.494514e+00
-1.468813e+00
-1.442946e+00
-1.416930e+00
-1.390778e+00
-1.364505e+00
-1.338125e+00
-1.311653e+00
-1.285105e+00
-1.258493e+00
-1.231834e+00
-1.205141e+00
-1.178429e+00
-1.151712e+00
-1.125005e+00
-1.098323e+00
-1.071679e+00
-1.045088e+00
-1.018565e+00
-9.921218e-01
-9.657744e-01
-9.395361e-01
-9.134207e-01
-8.874422e-01
-8.616141e-01
-8.359499e-01
-8.104631e-01
-7.851670e-01
-7.600747e-01
-7.351993e-01
-7.105537e-01
-6.861506e-01
-6.620027e-01
-6.381224e-01
-6.145220e-01
-5.912136e-01
-5.682092e-01
-5.455205e-01
-5.231592e-01
-5.011367e-01
-4.794641e-01
-4.581526e-01
-4.372129e-01
-4.166557e-01
-3.964914e-01
-3.767301e-01
-3.573820e-01
-3.384567e-01
-3.199637e-01
-3.019125e-01
-2.843120e-01
-2.671711e-01
-2.504985e-01
-2.343023e-01
-2.185908e-01
-2.033718e-01
-1.886529e-01
-1.744414e-01
-1.607445e-01
-1.475688e-01
-1.349211e-01
-1.228075e-01
-1.112340e-01
-1.002064e-01
-8.973009e-02
-7.981030e-02
-7.045191e-02
-6.165950e-02
-5.343741e-02
-4.578965e-02
-3.871999e-02
-3.223187e-02
-2.632843e-02
-2.101257e-02
-1.628684e-02
-1.215351e-02
-8.614577e-03
-5.671702e-03
-3.326289e-03
-1.579404e-03
-4.318431e-04
1.159161e-04
6.369501e-05
-5.884022e-04
-1.839951e-03
-3.690235e-03
-6.138258e-03
-9.182677e-03
-1.282191e-02
-1.705401e-02
-2.187682e-02
-2.728779e-02
-3.328414e-02
-3.986279e-02
-4.702035e-02
-5.475312e-02
-6.305717e-02
-7.192824e-02
-8.136177e-02
-9.135296e-02
-1.018967e-01
-1.129876e-01
-1.246200e-01
-1.367880e-01
-1.494853e-01
-1.627055e-01
-1.764418e-01
-1.906872e-01
-2.054345e-01
-2.206760e-01
-2.364041e-01
-2.526107e-01
-2.692875e-01
-2.864259e-01
-3.040172e-01
-3.220523e-01
-3.405221e-01
-3.594170e-01
-3.787274e-01
-3.984433e-01
-4.185545e-01
-4.390507e-01
-4.599215e-01
-4.811558e-01
-5.027429e-01
-5.246715e-01
-5.469303e-01
-5.695077e-01
-5.923920e-01
-6.155713e-01
-6.390336e-01
-6.627665e-01
-6.867578e-01
-7.109948e-01
-7.354648e-01
-7.601550e-01
-7.850524e-01
-8.101438e-01
-8.354161e-01
-8.608558e-01
-8.864495e-01
-9.121835e-01
-9.380441e-01
-9.640175e-01
-9.900899e-01
-1.016247e+00
-1.042475e+00
-1.068760e+00
-1.095088e+00
-1.121443e+00
-1.147813e+00
-1.174181e+00
-1.200535e+00
-1.226860e+00
-1.253140e+00
-1.279362e+00
-1.305511e+00
-1.331573e+00
-1.357532e+00
-1.383374e+00
-1.409085e+00
-1.480982e+00
-1.506341e+00
-1.531505e+00
-1.556462e+00
-1.581196e+00
-1.605693e+00
-1.629939e+00
-1.653920e+00
-1.677621e+00
-1.701028e+00
-1.724127e+00
-1.746905e+00
-1.769347e+00
-1.791439e+00
-1.813169e+00
-1.834522e+00
-1.855485e+00
-1.876044e+00
-1.896187e+00
-1.915900e+00
-1.935171e+00
-1.953986e+00
-1.972333e+00
-1.990200e+00
-2.007574e+00
-2.024443e+00
-2.040796e+00
-2.056619e+00
-2.071903e+00
-2.086634e+00
-2.100803e+00
-2.114398e+00
-2.127408e+00
-2.139823e+00
-2.151632e+00
-2.162825e+00
-2.173392e+00
-2.183324e+00
-2.192610e+00
-2.201241e+00
-2.209210e+00
-2.216506e+00
-2.223121e+00
-2.229047e+00
-2.234275e+00
-2.238799e+00
-2.242610e+00
-2.245702e+00
-2.248067e+00
-2.249699e+00
-2.250590e+00
-2.250736e+00
-2.250130e+00
-2.248767e+00
-2.246640e+00
-2.243747e+00
-2.240080e+00
-2.235637e+00
-2.230413e+00
-2.224405e+00
-2.217608e+00
-2.210019e+00
-2.201637e+00
-2.192457e+00
-2.182478e+00
-2.171698e+00
-2.160116e+00
-2.147729e+00
-2.134537e+00
-2.120539e+00
-2.105735e+00
-2.090125e+00
-2.073709e+00
-2.056487e+00
-2.038461e+00
-2.019631e+00
-1.999999e+00
-1.979568e+00
-1.958339e+00
-1.936314e+00
-1.913497e+00
-1.889890e+00
-1.865498e+00
-1.840323e+00
-1.814371e+00
-1.787645e+00
-1.760149e+00
-1.731890e+00
-1.702872e+00
-1.673102e+00
-1.642584e+00
-1.611325e+00
-1.579333e+00
-1.546613e+00
-1.513173e+00
-1.479020e+00
-1.444163e+00
-1.408608e+00
-1.372365e+00
-1.335442e+00
-1.297849e+00
-1.259593e+00
-1.220685e+00
-1.181135e+00
-1.140952e+00
-1.100148e+00
-1.058731e+00
-1.016714e+00
-9.741068e-01
-9.309214e-01
-8.871693e-01
-8.428623e-01
-7.980124e-01
-7.526319e-01
-7.067334e-01
-6.603297e-01
-6.134338e-01
-5.660589e-01
-5.182184e-01
-4.699259e-01
-4.211955e-01
-3.720409e-01
-3.224766e-01
-2.725170e-01
-2.221766e-01
-1.714703e-01
-1.204130e-01
-6.901998e-02
-1.730639e-02
3.471219e-02
8.702020e-02
1.396019e-01
1.924413e-01
2.455225e-01
2.988292e-01
3.523452e-01
4.060541e-01
4.599393e-01
5.139842e-01
5.681723e-01
6.224864e-01
6.769099e-01
7.314258e-01
7.860169e-01
8.406662e-01
8.953566e-01
9.500707e-01
1.004791e+00
1.059501e+00
1.114183e+00
1.168819e+00
1.223392e+00
1.277885e+00
1.332279e+00
1.386559e+00
1.440706e+00
1.494703e+00
1.548533e+00
1.602177e+00
1.655620e+00
1.708843e+00
1.761829e+00
1.814561e+00
1.867023e+00
1.919196e+00
1.971063e+00
2.022609e+00
2.073815e+00
2.124666e+00
2.175144e+00
2.225233e+00
2.274917e+00
2.324179e+00
2.373002e+00
2.421372e+00
2.469271e+00
2.516684e+00
2.563595e+00
2.609989e+00
2.655850e+00
2.701163e+00
2.745913e+00
2.790085e+00
2.833665e+00
2.876638e+00
2.918989e+00
2.960704e+00
3.001770e+00
3.042173e+00
3.081899e+00
3.120935e+00
3.159267e+00
3.196884e+00
3.233772e+00
3.269919e+00
3.305312e+00
3.339941e+00
3.373793e+00
3.406857e+00
3.439121e+00
3.470575e+00
3.501209e+00
3.531012e+00
3.559973e+00
3.588084e+00
3.615334e+00
3.641714e+00
3.667216e+00
3.691831e+00
3.715551e+00
3.738366e+00
3.760271e+00
3.781257e+00
3.801317e+00
3.820445e+00
3.838634e+00
3.855877e+00
3.872169e+00
3.887505e+00
3.901879e+00
3.915287e+00
3.927723e+00
3.939183e+00
3.949665e+00
3.959163e+00
3.967676e+00
3.975199e+00
3.981731e+00
3.987269e+00
3.991811e+00
3.995357e+00
3.997903e+00
3.999451e+00
3.999999e+00
3.999547e+00
3.998094e+00
3.995643e+00
3.992193e+00
3.987746e+00
3.982303e+00
3.975866e+00
3.968438e+00
3.960020e+00
3.950616e+00
3.940228e+00
3.928861e+00
3.916518e+00
3.903204e+00
3.888923e+00
3.873679e+00
3.857478e+00
3.840326e+00
3.822228e+00
3.803191e+00
3.783220e+00
3.762323e+00
3.740507e+00
3.717779e+00
3.694146e+00
3.669618e+00
3.644202e+00
3.617906e+00
3.590740e+00
3.562713e+00
3.533834e+00
3.504113e+00
3.473561e+00
3.442186e+00
3.410001e+00
3.377015e+00
3.343241e+00
3.308688e+00
3.273370e+00
3.237297e+00
3.200482e+00
3.162938e+00
3.124676e+00
3.085711e+00
3.046053e+00
3.005719e+00
2.964719e+00
2.923069e+00
2.880782e+00
2.837873e+00
2.794355e+00
2.750243e+00
2.705552e+00
2.660297e+00
2.614492e+00
2.568154e+00
2.521297e+00
2.473937e+00
2.426089e+00
2.377770e+00
2.328995e+00
2.279780e+00
2.230143e+00
2.180098e+00
2.129663e+00
2.078854e+00
2.027688e+00
1.976181e+00
1.924351e+00
1.872214e+00
1.819787e+00
1.767088e+00
1.714133e+00
1.660940e+00
1.607526e+00
1.553908e+00
1.500104e+00
1.446131e+00
1.392007e+00
1.337748e+00
1.316975e+00
1.262467e+00
1.207863e+00
1.153182e+00
1.098440e+00
1.043655e+00
9.888446e-01
9.340257e-01
8.792159e-01
8.244325e-01
7.696926e-01
7.150135e-01
6.604122e-01
6.059058e-01
5.515113e-01
4.972456e-01
4.431255e-01
3.891677e-01
3.353889e-01
2.818055e-01
2.284339e-01
1.752905e-01
1.223914e-01
6.975262e-02
1.739007e-02
-3.468049e-02
-8.644347e-02
-1.378834e-01
-1.889849e-01
-2.397330e-01
-2.901126e-01
-3.401089e-01
-3.897074e-01
-4.388935e-01
-4.876532e-01
-5.359722e-01
-5.838369e-01
-6.312335e-01
-6.781486e-01
-7.245691e-01
-7.704819e-01
-8.158742e-01
-8.607336e-01
-9.050477e-01
-9.488045e-01
-9.919922e-01
-1.034599e+00
-1.076614e+00
-1.118026e+00
-1.158824e+00
-1.198997e+00
-1.238536e+00
-1.277429e+00
-1.315669e+00
-1.353244e+00
-1.390147e+00
-1.426367e+00
-1.461896e+00
-1.496727e+00
-1.530850e+00
-1.564259e+00
-1.596946e+00
-1.628903e+00
-1.660124e+00
-1.690602e+00
-1.720332e+00
-1.749306e+00
-1.777520e+00
-1.804968e+00
-1.831645e+00
-1.857546e+00
-1.882668e+00
-1.907005e+00
-1.930555e+00
-1.953314e+00
-1.975278e+00
-1.996446e+00
-2.016814e+00
-2.036380e+00
-2.041518e+00
-2.059480e+00
-2.076637e+00
-2.092988e+00
-2.108533e+00
-2.123272e+00
-2.137205e+00
-2.150331e+00
-2.162652e+00
-2.174169e+00
-2.184883e+00
-2.194796e+00
-2.203910e+00
-2.212227e+00
-2.219750e+00
-2.226481e+00
-2.232425e+00
-2.237583e+00
-2.241961e+00
-2.245562e+00
-2.248392e+00
-2.250453e+00
-2.251752e+00
-2.252295e+00
-2.252085e+00
-2.251130e+00
-2.249436e+00
-2.247008e+00
-2.243854e+00
-2.239981e+00
-2.235396e+00
-2.230106e+00
-2.224120e+00
-2.217445e+00
-2.210090e+00
-2.202062e+00
-2.193372e+00
-2.184029e+00
-2.174040e+00
-2.163416e+00
-2.152168e+00
-2.140303e+00
-2.127834e+00
-2.114770e+00
-2.101122e+00
-2.086901e+00
-2.072117e+00
-2.056783e+00
-2.040909e+00
-2.024508e+00
-2.007590e+00
-1.990168e+00
-1.972255e+00
-1.953861e+00
-1.935001e+00
-1.915686e+00
-1.895930e+00
-1.875744e+00
-1.855143e+00
-1.834140e+00
-1.812747e+00
-1.790979e+00
-1.768849e+00
-1.746370e+00
-1.723556e+00
-1.700422e+00
-1.676981e+00
-1.653247e+00
-1.629235e+00
-1.604958e+00
-1.580431e+00
-1.555668e+00
-1.530683e+00
-1.505492e+00
-1.480108e+00
-1.454546e+00
-1.428821e+00
-1.402947e+00
-1.376939e+00
-1.350810e+00
-1.324577e+00
-1.298253e+00
-1.271854e+00
-1.245393e+00
-1.218885e+00
-1.192345e+00
-1.165788e+00
-1.139227e+00
-1.112677e+00
-1.086153e+00
-1.059668e+00
-1.033238e+00
-1.006876e+00
-9.805957e-01
-9.544123e-01
-9.283391e-01
-9.023901e-01
-8.765789e-01
-8.509193e-01
-8.254246e-01
-8.001084e-01
-7.749839e-01
-7.500642e-01
-7.253625e-01
-7.008915e-01
-6.766640e-01
-6.526927e-01
-6.289898e-01
-6.055678e-01
-5.824387e-01
-5.596144e-01
-5.371068e-01
-5.149273e-01
-4.930875e-01
-4.715984e-01
-4.504711e-01
-4.297165e-01
-4.093451e-01
-3.893673e-01
-3.697933e-01
-3.506331e-01
-3.318964e-01
-3.135927e-01
-2.957314e-01
-2.783214e-01
-2.613716e-01
-2.448906e-01
-2.288867e-01
-2.133680e-01
-1.983423e-01
-1.838173e-01
-1.698001e-01
-1.562979e-01
-1.433175e-01
-1.308653e-01
-1.189478e-01
-1.075707e-01
-9.673990e-02
-8.646077e-02
-7.673845e-02
-6.757783e-02
-5.898349e-02
-5.095973e-02
-4.351055e-02
-3.663970e-02
-3.035058e-02
-2.464636e-02
-1.952986e-02
-1.500364e-02
-1.106998e-02
-7.730797e-03
-4.987769e-03
-2.842262e-03
-1.295350e-03
-3.477708e-04
-7.450581e-09
-2.522171e-04
-1.104265e-03
-2.555721e-03
-4.605845e-03
-7.253595e-03
-1.049765e-02
-1.433637e-02
-1.876783e-02
-2.378980e-02
-2.939976e-02
-3.559489e-02
-4.237208e-02
-4.972792e-02
-5.765872e-02
-6.616049e-02
-7.522897e-02
-8.485960e-02
-9.504753e-02
-1.057876e-01
-1.170745e-01
-1.289025e-01
-1.412656e-01
-1.541576e-01
-1.675720e-01
-1.815021e-01
-1.959407e-01
-2.108807e-01
-2.263145e-01
-2.422341e-01
-2.586317e-01
-2.754989e-01
-2.928271e-01
-3.106076e-01
-3.288312e-01
-3.474888e-01
-3.665709e-01
-3.860676e-01
-4.059692e-01
-4.262653e-01
-4.469457e-01
-4.679998e-01
-4.894167e-01
-5.111855e-01
-5.332950e-01
-5.557338e-01
-5.784903e-01
-6.015529e-01
-6.249095e-01
-6.485482e-01
-6.724566e-01
-6.966223e-01
-7.210327e-01
-7.456753e-01
-7.705369e-01
-7.956047e-01
-8.208655e-01
-8.463061e-01
-8.719130e-01
-8.976728e-01
-9.235717e-01
-9.495962e-01
-9.757323e-01
-1.001966e+00
-1.028284e+00
-1.054671e+00
-1.081114e+00
-1.107598e+00
-1.134109e+00
-1.160632e+00
-1.187154e+00
-1.213660e+00
-1.240134e+00
-1.266564e+00
-1.292933e+00
-1.319229e+00
-1.345435e+00
-1.371537e+00
-1.397522e+00
-1.423373e+00
-1.495410e+00
-1.520906e+00
-1.546207e+00
-1.571298e+00
7.086975e-01
6.939178e-01
6.939178e-01
6.784688e-01
-1.595379e+00
-1.570483e+00
-1.545364e+00
