0.000000e+00
0.000000e+00
0.000000e+00
0.000000e+00
0.000000e+00
0.000000e+00
0.000000e+00
0.000000e+00
0.000000e+00
0.000000e+00
0.000000e+00
0.000000e+00
0.000000e+00
0.000000e+00
0.000000e+00
0.000000e+00
0.000000e+00
0.000000e+00
0.000000e+00
0.000000e+00
0.000000e+00
0.000000e+00
0.000000e+00
0.000000e+00
0.000000e+00
0.000000e+00
0.000000e+00
0.000000e+00
0.000000e+00
0.000000e+00
0.000000e+00
0.000000e+00
0.000000e+00
0.000000e+00
0.000000e+00
0.000000e+00
3.999999e+00
-1.604958e+00
-1.580431e+00
-1.555668e+00
-1.530683e+00
-1.505492e+00
-1.480108e+00
-1.454546e+00
-1.428821e+00
-1.402947e+00
-1.376939e+00
-1.350810e+00
-1.324577e+00
-1.298253e+00
-1.271854e+00
-1.245393e+00
-1.218885e+00
-1.192345e+00
-1.165788e+00
-1.139227e+00
-1.112677e+00
-1.086153e+00
-1.059668e+00
-1.033238e+00
-1.006876e+00
-9.805957e-01
-9.544123e-01
-9.283391e-01
-9.023901e-01
-8.765789e-01
-8.509193e-01
-8.254246e-01
-8.001084e-01
-7.749839e-01
-7.500643e-01
-7.253625e-01
-7.008915e-01
-6.766640e-01
-6.526927e-01
-6.289898e-01
-6.055678e-01
-5.824387e-01
-5.596144e-01
-5.371068e-01
-5.149273e-01
-4.930875e-01
-4.715984e-01
-4.504711e-01
-4.297165e-01
-4.093451e-01
-3.893673e-01
-3.697933e-01
-3.506331e-01
-3.318964e-01
-3.135927e-01
-2.957314e-01
-2.783214e-01
-2.613716e-01
-2.448906e-01
-2.288867e-01
-2.133680e-01
-1.983424e-01
-1.838173e-01
-1.698001e-01
-1.562979e-01
-1.433175e-01
-1.308654e-01
-1.189478e-01
-1.075707e-01
-9.673990e-02
-8.646077e-02
-7.673846e-02
-6.757784e-02
-5.898349e-02
-5.095974e-02
-4.351056e-02
-3.663971e-02
-3.035060e-02
-2.464637e-02
-1.952988e-02
-1.500365e-02
-1.106998e-02
-7.730812e-03
-4.987776e-03
-2.842262e-03
-1.295358e-03
-3.477782e-04
-1.490116e-08
-2.522171e-04
-1.104280e-03
-2.555728e-03
-4.605845e-03
-7.253602e-03
-1.049766e-02
-1.433638e-02
-1.876783e-02
-2.378982e-02
-2.939977e-02
-3.559490e-02
-4.237209e-02
-4.972793e-02
-5.765873e-02
-6.616050e-02
-7.522899e-02
-8.485961e-02
-9.504753e-02
-1.057876e-01
-1.170745e-01
-1.289025e-01
-1.412656e-01
-1.541576e-01
-1.675720e-01
-1.815021e-01
-1.959407e-01
-2.108807e-01
-2.263145e-01
-2.422342e-01
-2.586317e-01
-2.754989e-01
-2.928271e-01
-3.106076e-01
-3.288312e-01
-3.474888e-01
-3.665709e-01
-3.860676e-01
-4.059692e-01
-4.262653e-01
-4.469457e-01
-4.679998e-01
-4.894167e-01
-5.111855e-01
-5.332950e-01
-5.557338e-01
-5.784903e-01
-6.015529e-01
-6.249095e-01
-6.485482e-01
-6.724566e-01
-6.966223e-01
-7.210328e-01
-7.456753e-01
-7.705369e-01
-7.956047e-01
-8.208656e-01
-8.463061e-01
-8.719130e-01
-8.976728e-01
-9.235718e-01
-9.495962e-01
-9.757324e-01
-1.001966e+00
-1.028284e+00
-1.054671e+00
-1.081114e+00
-1.107598e+00
-1.134109e+00
-1.160632e+00
-1.187154e+00
-1.213660e+00
-1.240134e+00
-1.266564e+00
-1.292933e+00
-1.319229e+00
-1.345435e+00
-1.371537e+00
-1.397522e+00
-1.429744e+00
-1.455445e+00
-1.480982e+00
-1.506341e+00
-1.531505e+00
-1.556462e+00
-1.581196e+00
-1.605693e+00
-1.629939e+00
-1.653920e+00
-1.677621e+00
-1.701028e+00
-1.724127e+00
-1.746905e+00
-1.769347e+00
-1.791440e+00
-1.813169e+00
-1.834522e+00
-1.855485e+00
-1.876044e+00
-1.896187e+00
-1.915900e+00
-1.935171e+00
-1.953986e+00
-1.972333e+00
-1.990200e+00
-2.007574e+00
-2.024443e+00
-2.040796e+00
-2.056619e+00
-2.071903e+00
-2.086634e+00
-2.100803e+00
-2.114398e+00
-2.127408e+00
-2.139823e+00
-2.151632e+00
-2.162825e+00
-2.173392e+00
-2.183324e+00
-2.192610e+00
-2.201241e+00
-2.209210e+00
-2.216506e+00
-2.223121e+00
-2.229047e+00
-2.234275e+00
-2.238799e+00
-2.242610e+00
-2.245702e+00
-2.248067e+00
-2.249699e+00
-2.250590e+00
-2.250736e+00
-2.250130e+00
-2.248767e+00
-2.246640e+00
-2.243747e+00
-2.240080e+00
-2.235637e+00
-2.230413e+00
-2.224405e+00
-2.217608e+00
-2.210019e+00
-2.201637e+00
-2.192457e+00
-2.182478e+00
-2.171698e+00
-2.160116e+00
-2.147729e+00
-2.134537e+00
-2.120539e+00
-2.105735e+00
-2.090125e+00
-2.073709e+00
-2.056487e+00
-2.038461e+00
-2.019631e+00
-1.999999e+00
-1.979568e+00
-1.958339e+00
-1.936314e+00
-1.913497e+00
-1.889890e+00
-1.865498e+00
-1.840323e+00
-1.814371e+00
-1.787645e+00
-1.760149e+00
-1.731890e+00
-1.702872e+00
-1.673102e+00
-1.642584e+00
-1.611325e+00
-1.579333e+00
-1.546613e+00
-1.513173e+00
-1.479020e+00
-1.444163e+00
-1.408608e+00
-1.372365e+00
-1.335442e+00
-1.297849e+00
-1.259593e+00
-1.220685e+00
-1.181135e+00
-1.140952e+00
-1.100148e+00
-1.058731e+00
-1.016714e+00
-9.741068e-01
-9.309215e-01
-8.871693e-01
-8.428623e-01
-7.980124e-01
-7.526319e-01
-7.067334e-01
-6.603297e-01
-6.134338e-01
-5.660589e-01
-5.182184e-01
-4.699260e-01
-4.211955e-01
-3.720409e-01
-3.224766e-01
-2.725170e-01
-2.221766e-01
-1.714703e-01
-1.204130e-01
-6.901999e-02
-1.730640e-02
3.471218e-02
8.702019e-02
1.396018e-01
1.924413e-01
2.455225e-01
2.988292e-01
3.523452e-01
4.060541e-01
4.599393e-01
5.139842e-01
5.681722e-01
6.224864e-01
6.769099e-01
7.314258e-01
7.860169e-01
8.406662e-01
8.953566e-01
9.500707e-01
1.004791e+00
1.059501e+00
1.114183e+00
1.168819e+00
1.223392e+00
1.277885e+00
1.332279e+00
1.386559e+00
1.440706e+00
1.494703e+00
1.548533e+00
1.602177e+00
1.655620e+00
1.708843e+00
1.761829e+00
1.814561e+00
1.867023e+00
1.919196e+00
1.971063e+00
2.022609e+00
2.073815e+00
2.124666e+00
2.175144e+00
2.225233e+00
2.274917e+00
2.324179e+00
2.373002e+00
2.421372e+00
2.469271e+00
2.516684e+00
2.563595e+00
2.609989e+00
2.655850e+00
2.701163e+00
2.745913e+00
2.790085e+00
2.833665e+00
2.876638e+00
2.918989e+00
2.960704e+00
3.001770e+00
3.042173e+00
3.081899e+00
3.120935e+00
3.159267e+00
3.196884e+00
3.233772e+00
3.269919e+00
3.305312e+00
3.339941e+00
3.373793e+00
3.406857e+00
3.439121e+00
3.470575e+00
3.501209e+00
3.531012e+00
3.559973e+00
3.588084e+00
3.615334e+00
3.641714e+00
3.667216e+00
3.691831e+00
3.715551e+00
3.738366e+00
3.760271e+00
3.781257e+00
3.801317e+00
3.820445e+00
3.838634e+00
3.855877e+00
3.872169e+00
3.887505e+00
3.901879e+00
3.915287e+00
3.927723e+00
3.939183e+00
3.949665e+00
3.959163e+00
3.967676e+00
3.975199e+00
3.981731e+00
3.987269e+00
3.991811e+00
3.995357e+00
3.997903e+00
3.999451e+00
3.999999e+00
3.999547e+00
3.998094e+00
3.995643e+00
3.992193e+00
3.987746e+00
3.982303e+00
3.975866e+00
3.968438e+00
3.960020e+00
3.950616e+00
3.940228e+00
3.928861e+00
3.916518e+00
3.903204e+00
3.888923e+00
3.873679e+00
3.857478e+00
3.840326e+00
3.822228e+00
3.803191e+00
3.783220e+00
3.762323e+00
3.740507e+00
3.717779e+00
3.694146e+00
3.669618e+00
3.644202e+00
3.617906e+00
3.590740e+00
3.562713e+00
3.533834e+00
3.504113e+00
3.473561e+00
3.442186e+00
3.410001e+00
3.377015e+00
3.343241e+00
3.308688e+00
3.273370e+00
3.237297e+00
3.200482e+00
3.162938e+00
3.124676e+00
3.085711e+00
3.046053e+00
3.005718e+00
2.964719e+00
2.923069e+00
2.880782e+00
2.837873e+00
2.794355e+00
2.750243e+00
2.705552e+00
2.660297e+00
2.614492e+00
2.568154e+00
2.521297e+00
2.473937e+00
2.426089e+00
2.377770e+00
2.328995e+00
2.279780e+00
2.230143e+00
2.180098e+00
2.129663e+00
2.078854e+00
2.027688e+00
1.976181e+00
1.924351e+00
1.872214e+00
1.819787e+00
1.767088e+00
1.714133e+00
1.660940e+00
1.607526e+00
1.553908e+00
1.500104e+00
1.446131e+00
1.385637e+00
1.331381e+00
1.277010e+00
1.222543e+00
1.167997e+00
1.113389e+00
1.058736e+00
1.004056e+00
9.493663e-01
8.946841e-01
8.400266e-01
7.854112e-01
7.308549e-01
6.763749e-01
6.219883e-01
5.677119e-01
5.135626e-01
4.595574e-01
4.057128e-01
3.520454e-01
2.985719e-01
2.453085e-01
1.922716e-01
1.394773e-01
8.694164e-02
3.468049e-02
-1.729043e-02
-6.895550e-02
-1.202992e-01
-1.713064e-01
-2.219618e-01
-2.722505e-01
-3.221578e-01
-3.716689e-01
-4.207697e-01
-4.694456e-01
-5.176829e-01
-5.654675e-01
-6.127860e-01
-6.596247e-01
-7.059707e-01
-7.518109e-01
-7.971325e-01
-8.419230e-01
-8.861701e-01
-9.298618e-01
-9.729862e-01
-1.015532e+00
-1.057487e+00
-1.098842e+00
-1.139584e+00
-1.179704e+00
-1.219190e+00
-1.258035e+00
-1.296226e+00
-1.333756e+00
-1.370614e+00
-1.406792e+00
-1.442282e+00
-1.477074e+00
-1.511162e+00
-1.544536e+00
-1.577191e+00
-1.609118e+00
-1.640310e+00
-1.670762e+00
-1.700467e+00
-1.729419e+00
-1.757613e+00
-1.785043e+00
-1.811703e+00
-1.837591e+00
-1.862700e+00
-1.887027e+00
-1.910569e+00
-1.933321e+00
-1.955281e+00
-1.976446e+00
-1.996814e+00
-2.022752e+00
-2.041518e+00
-2.059480e+00
-2.076637e+00
-2.092988e+00
-2.108533e+00
-2.123272e+00
-2.137205e+00
-2.150331e+00
-2.162652e+00
-2.174169e+00
-2.184883e+00
-2.194796e+00
-2.203910e+00
-2.212227e+00
-2.219750e+00
-2.226481e+00
-2.232425e+00
-2.237583e+00
-2.241961e+00
-2.245562e+00
-2.248392e+00
-2.250453e+00
-2.251752e+00
-2.252295e+00
-2.252085e+00
-2.251130e+00
-2.249436e+00
-2.247008e+00
-2.243854e+00
-2.239981e+00
-2.235396e+00
-2.230106e+00
-2.224120e+00
-2.217445e+00
-2.210090e+00
-2.202062e+00
-2.193372e+00
-2.184029e+00
-2.174040e+00
-2.163416e+00
-2.152168e+00
-2.140303e+00
-2.127834e+00
-2.114770e+00
-2.101122e+00
-2.086901e+00
-2.072117e+00
-2.056783e+00
-2.040909e+00
-2.024508e+00
-2.007590e+00
-1.990168e+00
-1.972255e+00
-1.953861e+00
-1.935001e+00
-1.915686e+00
-1.895930e+00
-1.875744e+00
-1.855143e+00
-1.834140e+00
-1.812747e+00
-1.790979e+00
-1.768849e+00
-1.746370e+00
-1.723556e+00
-1.700422e+00
-1.676981e+00
-1.653247e+00
-1.629235e+00
-1.604958e+00
-1.604958e+00
-1.580431e+00
-1.555668e+00
-1.530683e+00
-1.505492e+00
-1.480108e+00
-1.454546e+00
-1.428821e+00
-1.402947e+00
-1.376939e+00
-1.350810e+00
-1.324577e+00
-1.298253e+00
-1.271854e+00
-1.245393e+00
-1.218885e+00
-1.192345e+00
-1.165788e+00
-1.139227e+00
-1.112677e+00
-1.086153e+00
-1.059668e+00
-1.033238e+00
-1.006876e+00
-9.805957e-01
-9.544123e-01
-9.283391e-01
-9.023901e-01
-8.765789e-01
-8.509193e-01
-8.254246e-01
-8.001084e-01
-7.749839e-01
-7.500643e-01
-7.253625e-01
-7.008915e-01
-6.766640e-01
-6.526927e-01
-6.289898e-01
-6.055678e-01
-5.824387e-01
-5.596144e-01
-5.371068e-01
-5.149273e-01
-4.930875e-01
-4.715984e-01
-4.504711e-01
-4.297165e-01
-4.093451e-01
-3.893673e-01
-3.697933e-01
-3.506331e-01
-3.318964e-01
-3.135927e-01
-2.957314e-01
-2.783214e-01
-2.613716e-01
-2.448906e-01
-2.288867e-01
-2.133680e-01
-1.983424e-01
-1.838173e-01
-1.698001e-01
-1.562979e-01
-1.433175e-01
-1.308654e-01
-1.189478e-01
-1.075707e-01
-9.673990e-02
-8.646077e-02
-7.673846e-02
-6.757784e-02
-5.898349e-02
-5.095974e-02
-4.351056e-02
-3.663971e-02
-3.035060e-02
-2.464637e-02
-1.952988e-02
-1.500365e-02
-1.106998e-02
-7.730812e-03
-4.987776e-03
-2.842262e-03
-1.295358e-03
-3.477782e-04
-1.490116e-08
-2.522171e-04
-1.104280e-03
-2.555728e-03
-4.605845e-03
-7.253602e-03
-1.049766e-02
-1.433638e-02
-1.876783e-02
-2.378982e-02
-2.939977e-02
-3.559490e-02
-4.237209e-02
-4.972793e-02
-5.765873e-02
-6.616050e-02
-7.522899e-02
-8.485961e-02
-9.504753e-02
-1.057876e-01
-1.170745e-01
-1.289025e-01
-1.412656e-01
-1.541576e-01
-1.675720e-01
-1.815021e-01
-1.959407e-01
-2.108807e-01
-2.263145e-01
-2.422342e-01
-2.586317e-01
-2.754989e-01
-2.928271e-01
-3.106076e-01
-3.288312e-01
-3.474888e-01
-3.665709e-01
-3.860676e-01
-4.059692e-01
-4.262653e-01
-4.469457e-01
-4.679998e-01
-4.894167e-01
-5.111855e-01
-5.332950e-01
-5.557338e-01
-5.784903e-01
-6.015529e-01
-6.249095e-01
-6.485482e-01
-6.724566e-01
-6.966223e-01
-7.210328e-01
-7.456753e-01
-7.705369e-01
-7.956047e-01
-8.208656e-01
-8.463061e-01
-8.719130e-01
-8.976728e-01
-9.235718e-01
-9.495962e-01
-9.757324e-01
-1.001966e+00
-1.028284e+00
-1.054671e+00
-1.081114e+00
-1.107598e+00
-1.134109e+00
-1.160632e+00
-1.187154e+00
-1.213660e+00
-1.240134e+00
-1.266564e+00
-1.292933e+00
-1.319229e+00
-1.345435e+00
-1.371537e+00
-1.397522e+00
-1.429744e+00
-1.455445e+00
-1.480982e+00
-1.506341e+00
-1.531505e+00
-1.556462e+00
-1.581196e+00
-1.605693e+00
-1.629939e+00
-1.653920e+00
-1.677621e+00
-1.701028e+00
-1.724127e+00
-1.746905e+00
-1.769347e+00
-1.791440e+00
-1.813169e+00
-1.834522e+00
-1.855485e+00
-1.876044e+00
-1.896187e+00
-1.915900e+00
-1.935171e+00
-1.953986e+00
-1.972333e+00
-1.990200e+00
-2.007574e+00
-2.024443e+00
-2.040796e+00
-2.056619e+00
-2.071903e+00
-2.086634e+00
-2.100803e+00
-2.114398e+00
-2.127408e+00
-2.139823e+00
-2.151632e+00
-2.162825e+00
-2.173392e+00
-2.183324e+00
-2.192610e+00
-2.201241e+00
-2.209210e+00
-2.216506e+00
-2.223121e+00
-2.229047e+00
-2.234275e+00
-2.238799e+00
-2.242610e+00
-2.245702e+00
-2.248067e+00
-2.249699e+00
-2.250590e+00
-2.250736e+00
-2.250130e+00
-2.248767e+00
-2.246640e+00
-2.243747e+00
-2.240080e+00
-2.235637e+00
-2.230413e+00
-2.224405e+00
-2.217608e+00
-2.210019e+00
-2.201637e+00
-2.192457e+00
-2.182478e+00
-2.171698e+00
-2.160116e+00
-2.147729e+00
-2.134537e+00
-2.120539e+00
-2.105735e+00
-2.090125e+00
-2.073709e+00
-2.056487e+00
-2.038461e+00
-2.019631e+00
-1.999999e+00
-1.979568e+00
-1.958339e+00
-1.936314e+00
-1.913497e+00
-1.889890e+00
-1.865498e+00
-1.840323e+00
-1.814371e+00
-1.787645e+00
-1.760149e+00
-1.731890e+00
-1.702872e+00
-1.673102e+00
-1.642584e+00
-1.611325e+00
-1.579333e+00
-1.546613e+00
-1.513173e+00
-1.479020e+00
-1.444163e+00
-1.408608e+00
-1.372365e+00
-1.335442e+00
-1.297849e+00
-1.259593e+00
-1.220685e+00
-1.181135e+00
-1.140952e+00
-1.100148e+00
-1.058731e+00
-1.016714e+00
-9.741068e-01
-9.309215e-01
-8.871693e-01
-8.428623e-01
-7.980124e-01
-7.526319e-01
-7.067334e-01
-6.603297e-01
-6.134338e-01
-5.660589e-01
-5.182184e-01
-4.699260e-01
-4.211955e-01
-3.720409e-01
-3.224766e-01
-2.725170e-01
-2.221766e-01
-1.714703e-01
-1.204130e-01
-6.901999e-02
-1.730640e-02
3.471218e-02
8.702019e-02
1.396018e-01
1.924413e-01
2.455225e-01
2.988292e-01
3.523452e-01
4.060541e-01
4.599393e-01
5.139842e-01
5.681722e-01
6.224864e-01
6.769099e-01
7.314258e-01
7.860169e-01
8.406662e-01
8.953566e-01
9.500707e-01
1.004791e+00
1.059501e+00
1.114183e+00
1.168819e+00
1.223392e+00
1.277885e+00
1.332279e+00
1.386559e+00
1.440706e+00
1.494703e+00
1.548533e+00
1.602177e+00
1.655620e+00
1.708843e+00
1.761829e+00
1.814561e+00
1.867023e+00
1.919196e+00
1.971063e+00
2.022609e+00
2.073815e+00
2.124666e+00
2.175144e+00
2.225233e+00
2.274917e+00
2.324179e+00
2.373002e+00
2.421372e+00
2.469271e+00
2.516684e+00
2.563595e+00
2.609989e+00
2.655850e+00
2.701163e+00
2.745913e+00
2.790085e+00
2.833665e+00
2.876638e+00
2.918989e+00
2.960704e+00
3.001770e+00
3.042173e+00
3.081899e+00
3.120935e+00
3.159267e+00
3.196884e+00
3.233772e+00
3.269919e+00
3.305312e+00
3.339941e+00
3.373793e+00
3.406857e+00
3.439121e+00
3.470575e+00
3.501209e+00
3.531012e+00
3.559973e+00
3.588084e+00
3.615334e+00
3.641714e+00
3.667216e+00
3.691831e+00
3.715551e+00
3.738366e+00
3.760271e+00
3.781257e+00
3.801317e+00
3.820445e+00
3.838634e+00
3.855877e+00
3.872169e+00
3.887505e+00
3.901879e+00
3.915287e+00
3.927723e+00
3.939183e+00
3.949665e+00
3.959163e+00
3.967676e+00
3.975199e+00
3.981731e+00
3.987269e+00
3.991811e+00
3.995357e+00
3.997903e+00
3.999451e+00
3.999999e+00
3.999547e+00
3.998094e+00
3.995643e+00
3.992193e+00
3.987746e+00
3.982303e+00
3.975866e+00
3.968438e+00
3.960020e+00
3.950616e+00
3.940228e+00
3.928861e+00
3.916518e+00
3.903204e+00
3.888923e+00
3.873679e+00
3.857478e+00
3.840326e+00
3.822228e+00
3.803191e+00
3.783220e+00
3.762323e+00
3.740507e+00
3.717779e+00
3.694146e+00
3.669618e+00
3.644202e+00
3.617906e+00
3.590740e+00
3.562713e+00
3.533834e+00
3.504113e+00
3.473561e+00
3.442186e+00
3.410001e+00
3.377015e+00
3.343241e+00
3.308688e+00
3.273370e+00
3.237297e+00
3.200482e+00
3.162938e+00
3.124676e+00
3.085711e+00
3.046053e+00
3.005718e+00
2.964719e+00
2.923069e+00
2.880782e+00
2.837873e+00
2.794355e+00
2.750243e+00
2.705552e+00
2.660297e+00
2.614492e+00
2.568154e+00
2.521297e+00
2.473937e+00
2.426089e+00
2.377770e+00
2.328995e+00
2.279780e+00
2.230143e+00
2.180098e+00
2.129663e+00
2.078854e+00
2.027688e+00
1.976181e+00
1.924351e+00
1.872214e+00
1.819787e+00
1.767088e+00
1.714133e+00
1.660940e+00
1.607526e+00
1.553908e+00
1.500104e+00
1.446131e+00
1.385637e+00
1.331381e+00
1.277010e+00
1.222543e+00
1.167997e+00
1.113389e+00
1.058736e+00
1.004056e+00
9.493663e-01
8.946841e-01
8.400266e-01
7.854112e-01
7.308549e-01
6.763749e-01
6.219883e-01
5.677119e-01
5.135626e-01
4.595574e-01
4.057128e-01
3.520454e-01
2.985719e-01
2.453085e-01
1.922716e-01
1.394773e-01
8.694164e-02
3.468049e-02
-1.729043e-02
-6.895550e-02
-1.202992e-01
-1.713064e-01
-2.219618e-01
-2.722505e-01
-3.221578e-01
-3.716689e-01
-4.207697e-01
-4.694456e-01
-5.176829e-01
-5.654675e-01
-6.127860e-01
-6.596247e-01
-7.059707e-01
-7.518109e-01
-7.971325e-01
-8.419230e-01
-8.861701e-01
-9.298618e-01
-9.729862e-01
-1.015532e+00
-1.057487e+00
-1.098842e+00
-1.139584e+00
-1.179704e+00
-1.219190e+00
-1.258035e+00
-1.296226e+00
-1.333756e+00
-1.370614e+00
-1.406792e+00
-1.442282e+00
-1.477074e+00
-1.511162e+00
-1.544536e+00
-1.577191e+00
-1.609118e+00
-1.640310e+00
-1.670762e+00
-1.700467e+00
-1.729419e+00
-1.757613e+00
-1.785043e+00
-1.811703e+00
-1.837591e+00
-1.862700e+00
-1.887027e+00
-1.910569e+00
-1.933321e+00
-1.955281e+00
-1.976446e+00
-1.996814e+00
-2.022752e+00
-2.041518e+00
-2.059480e+00
-2.076637e+00
-2.092988e+00
-2.108533e+00
-2.123272e+00
-2.137205e+00
-2.150331e+00
-2.162652e+00
-2.174169e+00
-2.184883e+00
-2.194796e+00
-2.203910e+00
-2.212227e+00
-2.219750e+00
-2.226481e+00
-2.232425e+00
-2.237583e+00
-2.241961e+00
-2.245562e+00
-2.248392e+00
-2.250453e+00
-2.251752e+00
-2.252295e+00
-2.252085e+00
-2.251130e+00
-2.249436e+00
-2.247008e+00
-2.243854e+00
-2.239981e+00
-2.235396e+00
-2.230106e+00
-2.224120e+00
-2.217445e+00
-2.210090e+00
-2.202062e+00
-2.193372e+00
-2.184029e+00
-2.174040e+00
-2.163416e+00
-2.152168e+00
-2.140303e+00
-2.127834e+00
-2.114770e+00
-2.101122e+00
-2.086901e+00
-2.072117e+00
-2.056783e+00
-2.040909e+00
-2.024508e+00
-2.007590e+00
-1.990168e+00
-1.972255e+00
-1.953861e+00
-1.935001e+00
-1.915686e+00
-1.895930e+00
-1.875744e+00
-1.855143e+00
-1.834140e+00
-1.812747e+00
-1.790979e+00
-1.768849e+00
-1.746370e+00
-1.723556e+00
-1.700422e+00
-1.676981e+00
-1.653247e+00
-1.629235e+00
-1.604958e+00
-1.604958e+00
-1.580431e+00
-1.555668e+00
-1.530683e+00
-1.505492e+00
-1.480108e+00
-1.454546e+00
-1.428821e+00
-1.402947e+00
-1.376939e+00
-1.350810e+00
-1.324577e+00
-1.298253e+00
-1.271854e+00
-1.245393e+00
-1.218885e+00
-1.192345e+00
-1.165788e+00
-1.139227e+00
-1.112677e+00
-1.086153e+00
-1.059668e+00
-1.033238e+00
-1.006876e+00
-9.805957e-01
-9.544123e-01
-9.283391e-01
-9.023901e-01
-8.765789e-01
-8.509193e-01
-8.254246e-01
-8.001084e-01
-7.749839e-01
-7.500643e-01
-7.253625e-01
-7.008915e-01
-6.766640e-01
-6.526927e-01
-6.289898e-01
-6.055678e-01
-5.824387e-01
-5.596144e-01
-5.371068e-01
-5.149273e-01
-4.930875e-01
-4.715984e-01
-4.504711e-01
-4.297165e-01
-4.093451e-01
-3.893673e-01
-3.697933e-01
-3.506331e-01
-3.318964e-01
-3.135927e-01
-2.957314e-01
-2.783214e-01
-2.613716e-01
-2.448906e-01
-2.288867e-01
-2.133680e-01
-1.983424e-01
-1.838173e-01
-1.698001e-01
-1.562979e-01
-1.433175e-01
-1.308654e-01
-1.189478e-01
-1.075707e-01
-9.673990e-02
-8.646077e-02
-7.673846e-02
-6.757784e-02
-5.898349e-02
-5.095974e-02
-4.351056e-02
-3.663971e-02
-3.035060e-02
-2.464637e-02
-1.952988e-02
-1.500365e-02
-1.106998e-02
-7.730812e-03
-4.987776e-03
-2.842262e-03
-1.295358e-03
-3.477782e-04
-1.490116e-08
-2.522171e-04
-1.104280e-03
-2.555728e-03
-4.605845e-03
-7.253602e-03
-1.049766e-02
-1.433638e-02
-1.876783e-02
-2.378982e-02
-2.939977e-02
-3.559490e-02
-4.237209e-02
-4.972793e-02
-5.765873e-02
-6.616050e-02
-7.522899e-02
-8.485961e-02
-9.504753e-02
-1.057876e-01
-1.170745e-01
-1.289025e-01
-1.412656e-01
-1.541576e-01
-1.675720e-01
-1.815021e-01
-1.959407e-01
-2.108807e-01
-2.263145e-01
-2.422342e-01
-2.586317e-01
-2.754989e-01
-2.928271e-01
-3.106076e-01
-3.288312e-01
-3.474888e-01
-3.665709e-01
-3.860676e-01
-4.059692e-01
-4.262653e-01
-4.469457e-01
-4.679998e-01
-4.894167e-01
-5.111855e-01
-5.332950e-01
-5.557338e-01
-5.784903e-01
-6.015529e-01
-6.249095e-01
-6.485482e-01
-6.724566e-01
-6.966223e-01
-7.210328e-01
-7.456753e-01
-7.705369e-01
-7.956047e-01
-8.208656e-01
-8.463061e-01
-8.719130e-01
-8.976728e-01
-9.235718e-01
-9.495962e-01
-9.757324e-01
-1.001966e+00
-1.028284e+00
-1.054671e+00
-1.081114e+00
-1.107598e+00
-1.134109e+00
-1.160632e+00
-1.187154e+00
-1.213660e+00
-1.240134e+00
-1.266564e+00
-1.292933e+00
-1.319229e+00
-1.345435e+00
-1.371537e+00
-1.397522e+00
-1.429744e+00
-1.455445e+00
-1.480982e+00
-1.506341e+00
-1.531505e+00
-1.556462e+00
-1.581196e+00
-1.605693e+00
-1.629939e+00
-1.653920e+00
-1.677621e+00
-1.701028e+00
-1.724127e+00
-1.746905e+00
-1.769347e+00
-1.791440e+00
-1.813169e+00
-1.834522e+00
-1.855485e+00
-1.876044e+00
-1.896187e+00
-1.915900e+00
-1.935171e+00
-1.953986e+00
-1.972333e+00
-1.990200e+00
-2.007574e+00
-2.024443e+00
-2.040796e+00
-2.056619e+00
-2.071903e+00
-2.086634e+00
-2.100803e+00
-2.114398e+00
-2.127408e+00
-2.139823e+00
-2.151632e+00
-2.162825e+00
-2.173392e+00
-2.183324e+00
-2.192610e+00
-2.201241e+00
-2.209210e+00
-2.216506e+00
-2.223121e+00
-2.229047e+00
-2.234275e+00
-2.238799e+00
-2.242610e+00
-2.245702e+00
-2.248067e+00
-2.249699e+00
-2.250590e+00
-2.250736e+00
-2.250130e+00
-2.248767e+00
-2.246640e+00
-2.243747e+00
-2.240080e+00
-2.235637e+00
-2.230413e+00
-2.224405e+00
-2.217608e+00
-2.210019e+00
-2.201637e+00
-2.192457e+00
-2.182478e+00
-2.171698e+00
-2.160116e+00
-2.147729e+00
-2.134537e+00
-2.120539e+00
-2.105735e+00
-2.090125e+00
-2.073709e+00
-2.056487e+00
-2.038461e+00
-2.019631e+00
-1.999999e+00
-1.979568e+00
-1.958339e+00
-1.936314e+00
-1.913497e+00
-1.889890e+00
-1.865498e+00
-1.840323e+00
-1.814371e+00
-1.787645e+00
-1.760149e+00
-1.731890e+00
-1.702872e+00
-1.673102e+00
-1.642584e+00
-1.611325e+00
-1.579333e+00
-1.546613e+00
-1.513173e+00
-1.479020e+00
-1.444163e+00
-1.408608e+00
-1.372365e+00
-1.335442e+00
-1.297849e+00
-1.259593e+00
-1.220685e+00
-1.181135e+00
-1.140952e+00
-1.100148e+00
-1.058731e+00
-1.016714e+00
-9.741068e-01
-9.309215e-01
-8.871693e-01
-8.428623e-01
-7.980124e-01
-7.526319e-01
-7.067334e-01
-6.603297e-01
-6.134338e-01
-5.660589e-01
-5.182184e-01
-4.699260e-01
-4.211955e-01
-3.720409e-01
-3.224766e-01
-2.725170e-01
-2.221766e-01
-1.714703e-01
-1.204130e-01
-6.901999e-02
-1.730640e-02
3.471218e-02
8.702019e-02
1.396018e-01
1.924413e-01
2.455225e-01
2.988292e-01
3.523452e-01
4.060541e-01
4.599393e-01
5.139842e-01
5.681722e-01
6.224864e-01
6.769099e-01
7.314258e-01
7.860169e-01
8.406662e-01
8.953566e-01
9.500707e-01
1.004791e+00
1.059501e+00
1.114183e+00
1.168819e+00
1.223392e+00
1.277885e+00
1.332279e+00
1.386559e+00
1.440706e+00
1.494703e+00
1.548533e+00
1.602177e+00
1.655620e+00
1.708843e+00
1.761829e+00
1.814561e+00
1.867023e+00
1.919196e+00
1.971063e+00
2.022609e+00
2.073815e+00
