0.000000e+00
0.000000e+00
0.000000e+00
0.000000e+00
0.000000e+00
-6.835938e-03
-6.835938e-03
-6.835938e-03
-6.835938e-03
0.000000e+00
0.000000e+00
0.000000e+00
0.000000e+00
0.000000e+00
0.000000e+00
0.000000e+00
0.000000e+00
0.000000e+00
0.000000e+00
0.000000e+00
0.000000e+00
0.000000e+00
0.000000e+00
0.000000e+00
0.000000e+00
0.000000e+00
-8.691406e-02
-6.835938e-03
0.000000e+00
-6.835938e-03
-8.007813e-02
-8.007813e-02
-8.007813e-02
-8.007813e-02
-8.007813e-02
3.999023e+00
3.999023e+00
3.999023e+00
7.084961e-01
7.084961e-01
-1.600586e+00
-1.561035e+00
-1.550781e+00
-1.511230e+00
-1.500488e+00
-1.460449e+00
-1.449219e+00
-1.409180e+00
-1.396973e+00
-1.357422e+00
-1.345215e+00
-1.305176e+00
-1.291992e+00
-1.252441e+00
-1.239258e+00
-1.199707e+00
-1.185547e+00
-1.146484e+00
-1.132813e+00
-1.093750e+00
-1.079102e+00
-1.040527e+00
-1.026367e+00
-9.882813e-01
-9.736328e-01
-9.360352e-01
-9.213867e-01
-8.842773e-01
-8.696289e-01
-8.334961e-01
-8.183594e-01
-7.827148e-01
-7.680664e-01
-7.329102e-01
-7.182617e-01
-6.845703e-01
-6.699219e-01
-6.367188e-01
-6.220703e-01
-5.898438e-01
-5.756836e-01
-5.444336e-01
-5.307617e-01
-5.004883e-01
-4.863281e-01
-4.575195e-01
-4.443359e-01
-4.160156e-01
-4.033203e-01
-3.759766e-01
-3.637695e-01
-3.378906e-01
-3.261719e-01
-3.017578e-01
-2.905273e-01
-2.670898e-01
-2.563477e-01
-2.343750e-01
-2.241211e-01
-2.036133e-01
-1.938477e-01
-1.748047e-01
-1.655273e-01
-1.479492e-01
-1.396484e-01
-1.230469e-01
-1.152344e-01
-1.005859e-01
-9.375000e-02
-8.007813e-02
-7.421875e-02
-6.201172e-02
-5.664063e-02
-4.638672e-02
-4.150391e-02
-3.271484e-02
-2.880859e-02
-2.148438e-02
-1.855469e-02
-1.269531e-02
-9.765625e-03
-5.859375e-03
-4.882813e-03
-2.441406e-03
-9.765625e-04
-4.882813e-04
-4.882813e-04
-9.765625e-04
-1.464844e-03
-3.906250e-03
-5.859375e-03
-9.765625e-03
-1.220703e-02
-1.757813e-02
-2.099609e-02
-2.783203e-02
-3.173828e-02
-4.003906e-02
-4.492188e-02
-5.517578e-02
-6.054688e-02
-7.275391e-02
-7.861328e-02
-9.228516e-02
-9.863281e-02
-1.137695e-01
-1.215820e-01
-1.376953e-01
-1.459961e-01
-1.635742e-01
-1.723633e-01
-1.914063e-01
-2.011719e-01
-2.216797e-01
-2.314453e-01
-2.534180e-01
-2.641602e-01
-2.875977e-01
-2.988281e-01
-3.232422e-01
-3.349609e-01
-3.608398e-01
-3.730469e-01
-3.999023e-01
-4.130859e-01
-4.409180e-01
-4.541016e-01
-4.833984e-01
-4.965820e-01
-5.268555e-01
-5.405273e-01
-5.717773e-01
-5.859375e-01
-6.181641e-01
-6.323242e-01
-6.655273e-01
-6.801758e-01
-7.143555e-01
-7.285156e-01
-7.636719e-01
-7.783203e-01
-8.139648e-01
-8.286133e-01
-8.647461e-01
-8.793945e-01
-9.165039e-01
-9.311523e-01
-9.687500e-01
-9.833984e-01
-1.021484e+00
-1.035645e+00
-1.074219e+00
-1.088379e+00
-1.127441e+00
-1.141113e+00
-1.180664e+00
-1.193848e+00
-1.233398e+00
-1.247070e+00
-1.286621e+00
-1.299805e+00
-1.339355e+00
-1.352051e+00
-1.392090e+00
-1.403809e+00
-1.490234e+00
-1.500977e+00
-1.541016e+00
-1.551758e+00
-1.591309e+00
-1.601074e+00
-1.640625e+00
-1.649902e+00
-1.689453e+00
-1.697754e+00
-1.736328e+00
-1.744141e+00
-1.782715e+00
-1.788574e+00
-1.826660e+00
-1.832031e+00
-1.869629e+00
-1.874512e+00
-1.911133e+00
-1.915039e+00
-1.951172e+00
-1.953613e+00
-1.989258e+00
-1.990234e+00
-2.024902e+00
-2.025391e+00
-2.059570e+00
-2.058105e+00
-2.091309e+00
-2.088867e+00
-2.121094e+00
-2.117188e+00
-2.148438e+00
-2.143066e+00
-2.173340e+00
-2.166992e+00
-2.196289e+00
-2.187988e+00
-2.215820e+00
-2.207031e+00
-2.233887e+00
-2.222656e+00
-2.248047e+00
-2.235840e+00
-2.260254e+00
-2.246582e+00
-2.270020e+00
-2.254395e+00
-2.276367e+00
-2.258789e+00
-2.279297e+00
-2.260742e+00
-2.279785e+00
-2.259766e+00
-2.277344e+00
-2.255371e+00
-2.271484e+00
-2.248047e+00
-2.262695e+00
-2.237793e+00
-2.250977e+00
-2.224121e+00
-2.235840e+00
-2.207520e+00
-2.217773e+00
-2.187500e+00
-2.196289e+00
-2.164063e+00
-2.171387e+00
-2.138184e+00
-2.143555e+00
-2.108398e+00
-2.112305e+00
-2.075684e+00
-2.077637e+00
-2.039551e+00
-2.040039e+00
-2.000000e+00
-1.999023e+00
-1.957520e+00
-1.955078e+00
-1.912598e+00
-1.908203e+00
-1.863281e+00
-1.857910e+00
-1.811523e+00
-1.804199e+00
-1.756348e+00
-1.747559e+00
-1.698242e+00
-1.687988e+00
-1.637207e+00
-1.625488e+00
-1.573242e+00
-1.560059e+00
-1.506348e+00
-1.491699e+00
-1.437012e+00
-1.420410e+00
-1.364258e+00
-1.346680e+00
-1.289063e+00
-1.270020e+00
-1.210938e+00
-1.190430e+00
-1.130371e+00
-1.108398e+00
-1.047852e+00
-1.024414e+00
-9.624023e-01
-9.379883e-01
-8.745117e-01
-8.486328e-01
-7.846680e-01
-7.578125e-01
-6.933594e-01
-6.650391e-01
-5.991211e-01
-5.698242e-01
-5.034180e-01
-4.731445e-01
-4.062500e-01
-3.750000e-01
-3.066406e-01
-2.744141e-01
-2.060547e-01
-1.728516e-01
-1.040039e-01
-6.982422e-02
-4.882813e-04
3.466797e-02
1.044922e-01
1.401367e-01
2.099609e-01
2.460938e-01
3.168945e-01
3.535156e-01
4.243164e-01
4.619141e-01
5.327148e-01
5.708008e-01
6.416016e-01
6.801758e-01
7.504883e-01
7.895508e-01
8.598633e-01
8.989258e-01
9.692383e-01
1.008789e+00
1.078613e+00
1.118652e+00
1.188477e+00
1.228516e+00
1.297363e+00
1.337402e+00
1.406250e+00
1.446289e+00
1.514160e+00
1.554199e+00
1.621582e+00
1.661621e+00
1.728516e+00
1.768066e+00
1.833984e+00
1.873535e+00
1.938477e+00
1.977539e+00
2.041504e+00
2.080566e+00
2.143555e+00
2.181641e+00
2.243652e+00
2.281738e+00
2.342773e+00
2.379883e+00
2.439453e+00
2.476074e+00
2.534180e+00
2.570313e+00
2.627441e+00
2.662598e+00
2.718262e+00
2.752930e+00
2.806641e+00
2.840332e+00
2.892578e+00
2.925781e+00
2.976563e+00
3.008301e+00
3.057129e+00
3.087891e+00
3.135254e+00
3.165527e+00
3.210938e+00
3.239746e+00
3.283691e+00
3.311035e+00
3.353027e+00
3.379395e+00
3.419434e+00
3.444336e+00
3.482422e+00
3.506348e+00
3.541992e+00
3.564453e+00
3.598633e+00
3.620117e+00
3.651367e+00
3.671387e+00
3.700684e+00
3.719238e+00
3.746582e+00
3.763672e+00
3.789063e+00
3.804688e+00
3.827148e+00
3.841309e+00
3.862305e+00
3.874512e+00
3.893066e+00
3.903809e+00
3.919922e+00
3.929688e+00
3.943359e+00
3.951172e+00
3.962402e+00
3.968750e+00
3.977539e+00
3.982422e+00
3.988770e+00
3.991699e+00
3.996094e+00
3.998047e+00
3.999023e+00
3.999023e+00
3.998535e+00
3.997070e+00
3.994141e+00
3.990723e+00
3.985352e+00
3.980469e+00
3.972656e+00
3.966309e+00
3.956055e+00
3.947754e+00
3.935547e+00
3.925781e+00
3.910645e+00
3.899902e+00
3.882324e+00
3.870117e+00
3.850098e+00
3.836426e+00
3.814453e+00
3.798828e+00
3.774414e+00
3.757324e+00
3.731445e+00
3.712891e+00
3.684082e+00
3.664063e+00
3.633301e+00
3.612305e+00
3.579590e+00
3.557129e+00
3.521484e+00
3.497559e+00
3.460938e+00
3.436035e+00
3.396484e+00
3.370117e+00
3.329590e+00
3.301758e+00
3.258789e+00
3.229980e+00
3.185059e+00
3.155273e+00
3.108887e+00
3.078125e+00
3.029785e+00
2.998047e+00
2.948242e+00
2.915527e+00
2.863770e+00
2.830078e+00
2.776855e+00
2.742676e+00
2.687500e+00
2.652344e+00
2.596191e+00
2.560059e+00
2.502930e+00
2.466309e+00
2.407227e+00
2.370117e+00
2.310059e+00
2.271973e+00
2.210449e+00
2.172363e+00
2.109863e+00
2.071289e+00
2.007813e+00
1.968750e+00
1.904297e+00
1.865234e+00
1.799805e+00
1.759766e+00
1.693848e+00
1.653809e+00
1.587402e+00
1.547363e+00
1.479492e+00
1.439453e+00
0.000000e+00
1.365234e+00
1.296387e+00
1.256836e+00
1.187500e+00
1.147461e+00
1.078125e+00
1.038574e+00
9.687500e-01
9.291992e-01
8.588867e-01
8.198242e-01
7.500000e-01
7.109375e-01
6.406250e-01
6.025391e-01
5.322266e-01
4.946289e-01
4.243164e-01
3.867188e-01
3.168945e-01
2.797852e-01
2.099609e-01
1.738281e-01
1.040039e-01
6.884766e-02
0.000000e+00
-3.466797e-02
-1.040039e-01
-1.376953e-01
-2.060547e-01
-2.387695e-01
-3.066406e-01
-3.383789e-01
-4.057617e-01
-4.365234e-01
-5.029297e-01
-5.327148e-01
-5.986328e-01
-6.274414e-01
-6.923828e-01
-7.202148e-01
-7.841797e-01
-8.105469e-01
-8.735352e-01
-8.989258e-01
-9.614258e-01
-9.853516e-01
-1.046875e+00
-1.069336e+00
-1.129395e+00
-1.150391e+00
-1.209473e+00
-1.229492e+00
-1.287109e+00
-1.305664e+00
-1.362305e+00
-1.379395e+00
-1.434570e+00
-1.450195e+00
-1.504395e+00
-1.518555e+00
-1.570801e+00
-1.583496e+00
-1.634766e+00
-1.645996e+00
-1.696289e+00
-1.705566e+00
-1.753906e+00
-1.761719e+00
-1.809082e+00
-1.815430e+00
-1.860352e+00
-1.865234e+00
-1.909180e+00
-1.912598e+00
-1.954590e+00
-1.956543e+00
-1.997070e+00
-1.997070e+00
-2.002441e+00
-2.041016e+00
-2.038574e+00
-2.075684e+00
-2.071289e+00
-2.105957e+00
-2.100586e+00
-2.134277e+00
-2.126953e+00
-2.159180e+00
-2.150391e+00
-2.180176e+00
-2.169922e+00
-2.198242e+00
-2.186523e+00
-2.213379e+00
-2.200195e+00
-2.225586e+00
-2.210938e+00
-2.234863e+00
-2.218262e+00
-2.240234e+00
-2.222656e+00
-2.242676e+00
-2.223633e+00
-2.242676e+00
-2.222168e+00
-2.239258e+00
-2.217285e+00
-2.232910e+00
-2.209473e+00
-2.223633e+00
-2.199219e+00
-2.211426e+00
-2.185547e+00
-2.196777e+00
-2.169922e+00
-2.180176e+00
-2.151855e+00
-2.159668e+00
-2.130371e+00
-2.137695e+00
-2.107422e+00
-2.112793e+00
-2.081543e+00
-2.085449e+00
-2.053223e+00
-2.056152e+00
-2.022949e+00
-2.024414e+00
-1.990234e+00
-1.990723e+00
-1.955566e+00
-1.955078e+00
-1.919434e+00
-1.917480e+00
-1.881348e+00
-1.877930e+00
-1.841309e+00
-1.836914e+00
-1.799316e+00
-1.794434e+00
-1.756348e+00
-1.750000e+00
-1.711426e+00
-1.704590e+00
-1.665527e+00
0.000000e+00
0.000000e+00
7.084961e-01
7.084961e-01
-1.600586e+00
-1.561035e+00
-1.550781e+00
-1.511230e+00
-1.500488e+00
-1.460449e+00
-1.449219e+00
-1.409180e+00
-1.396973e+00
-1.357422e+00
-1.345215e+00
-1.305176e+00
-1.291992e+00
-1.252441e+00
-1.239258e+00
-1.199707e+00
-1.185547e+00
-1.146484e+00
-1.132813e+00
-1.093750e+00
-1.079102e+00
-1.040527e+00
-1.026367e+00
-9.882813e-01
-9.736328e-01
-9.360352e-01
-9.213867e-01
-8.842773e-01
-8.696289e-01
-8.334961e-01
-8.183594e-01
-7.827148e-01
-7.680664e-01
-7.329102e-01
-7.182617e-01
-6.845703e-01
-6.699219e-01
-6.367188e-01
-6.220703e-01
-5.898438e-01
-5.756836e-01
-5.444336e-01
-5.307617e-01
-5.004883e-01
-4.863281e-01
-4.575195e-01
-4.443359e-01
-4.160156e-01
-4.033203e-01
-3.759766e-01
-3.637695e-01
-3.378906e-01
-3.261719e-01
-3.017578e-01
-2.905273e-01
-2.670898e-01
-2.563477e-01
-2.343750e-01
-2.241211e-01
-2.036133e-01
-1.938477e-01
-1.748047e-01
-1.655273e-01
-1.479492e-01
-1.396484e-01
-1.230469e-01
-1.152344e-01
-1.005859e-01
-9.375000e-02
-8.007813e-02
-7.421875e-02
-6.201172e-02
-5.664063e-02
-4.638672e-02
-4.150391e-02
-3.271484e-02
-2.880859e-02
-2.148438e-02
-1.855469e-02
-1.269531e-02
-9.765625e-03
-5.859375e-03
-4.882813e-03
-2.441406e-03
-9.765625e-04
-4.882813e-04
-4.882813e-04
-9.765625e-04
-1.464844e-03
-3.906250e-03
-5.859375e-03
-9.765625e-03
-1.220703e-02
-1.757813e-02
-2.099609e-02
-2.783203e-02
-3.173828e-02
-4.003906e-02
-4.492188e-02
-5.517578e-02
-6.054688e-02
-7.275391e-02
-7.861328e-02
-9.228516e-02
-9.863281e-02
-1.137695e-01
-1.215820e-01
-1.376953e-01
-1.459961e-01
-1.635742e-01
-1.723633e-01
-1.914063e-01
-2.011719e-01
-2.216797e-01
-2.314453e-01
-2.534180e-01
-2.641602e-01
-2.875977e-01
-2.988281e-01
-3.232422e-01
-3.349609e-01
-3.608398e-01
-3.730469e-01
-3.999023e-01
-4.130859e-01
-4.409180e-01
-4.541016e-01
-4.833984e-01
-4.965820e-01
-5.268555e-01
-5.405273e-01
-5.717773e-01
-5.859375e-01
-6.181641e-01
-6.323242e-01
-6.655273e-01
-6.801758e-01
-7.143555e-01
-7.285156e-01
-7.636719e-01
-7.783203e-01
-8.139648e-01
-8.286133e-01
-8.647461e-01
-8.793945e-01
-9.165039e-01
-9.311523e-01
-9.687500e-01
-9.833984e-01
-1.021484e+00
-1.035645e+00
-1.074219e+00
-1.088379e+00
-1.127441e+00
-1.141113e+00
-1.180664e+00
-1.193848e+00
-1.233398e+00
-1.247070e+00
-1.286621e+00
-1.299805e+00
-1.339355e+00
-1.352051e+00
-1.392090e+00
-1.403809e+00
-1.490234e+00
-1.500977e+00
-1.541016e+00
-1.551758e+00
-1.591309e+00
-1.601074e+00
-1.640625e+00
-1.649902e+00
-1.689453e+00
-1.697754e+00
-1.736328e+00
-1.744141e+00
-1.782715e+00
-1.788574e+00
-1.826660e+00
-1.832031e+00
-1.869629e+00
-1.874512e+00
-1.911133e+00
-1.915039e+00
-1.951172e+00
-1.953613e+00
-1.989258e+00
-1.990234e+00
-2.024902e+00
-2.025391e+00
-2.059570e+00
-2.058105e+00
-2.091309e+00
-2.088867e+00
-2.121094e+00
-2.117188e+00
-2.148438e+00
-2.143066e+00
-2.173340e+00
-2.166992e+00
-2.196289e+00
-2.187988e+00
-2.215820e+00
-2.207031e+00
-2.233887e+00
-2.222656e+00
-2.248047e+00
-2.235840e+00
-2.260254e+00
-2.246582e+00
-2.270020e+00
-2.254395e+00
-2.276367e+00
-2.258789e+00
-2.279297e+00
-2.260742e+00
-2.279785e+00
-2.259766e+00
-2.277344e+00
-2.255371e+00
-2.271484e+00
-2.248047e+00
-2.262695e+00
-2.237793e+00
-2.250977e+00
-2.224121e+00
-2.235840e+00
-2.207520e+00
-2.217773e+00
-2.187500e+00
-2.196289e+00
-2.164063e+00
-2.171387e+00
-2.138184e+00
-2.143555e+00
-2.108398e+00
-2.112305e+00
-2.075684e+00
-2.077637e+00
-2.039551e+00
-2.040039e+00
-2.000000e+00
-1.999023e+00
-1.957520e+00
-1.955078e+00
-1.912598e+00
-1.908203e+00
-1.863281e+00
-1.857910e+00
-1.811523e+00
-1.804199e+00
-1.756348e+00
-1.747559e+00
-1.698242e+00
-1.687988e+00
-1.637207e+00
-1.625488e+00
-1.573242e+00
-1.560059e+00
-1.506348e+00
-1.491699e+00
-1.437012e+00
-1.420410e+00
-1.364258e+00
-1.346680e+00
-1.289063e+00
-1.270020e+00
-1.210938e+00
-1.190430e+00
-1.130371e+00
-1.108398e+00
-1.047852e+00
-1.024414e+00
-9.624023e-01
-9.379883e-01
-8.745117e-01
-8.486328e-01
-7.846680e-01
-7.578125e-01
-6.933594e-01
-6.650391e-01
-5.991211e-01
-5.698242e-01
-5.034180e-01
-4.731445e-01
-4.062500e-01
-3.750000e-01
-3.066406e-01
-2.744141e-01
-2.060547e-01
-1.728516e-01
-1.040039e-01
-6.982422e-02
-4.882813e-04
3.466797e-02
1.044922e-01
1.401367e-01
2.099609e-01
2.460938e-01
3.168945e-01
3.535156e-01
4.243164e-01
4.619141e-01
5.327148e-01
5.708008e-01
6.416016e-01
6.801758e-01
7.504883e-01
7.895508e-01
8.598633e-01
8.989258e-01
9.692383e-01
1.008789e+00
1.078613e+00
1.118652e+00
1.188477e+00
1.228516e+00
1.297363e+00
1.337402e+00
1.406250e+00
1.446289e+00
1.514160e+00
1.554199e+00
1.621582e+00
1.661621e+00
1.728516e+00
1.768066e+00
1.833984e+00
1.873535e+00
1.938477e+00
1.977539e+00
2.041504e+00
2.080566e+00
2.143555e+00
2.181641e+00
2.243652e+00
2.281738e+00
2.342773e+00
2.379883e+00
2.439453e+00
2.476074e+00
2.534180e+00
2.570313e+00
2.627441e+00
2.662598e+00
2.718262e+00
2.752930e+00
2.806641e+00
2.840332e+00
2.892578e+00
2.925781e+00
2.976563e+00
3.008301e+00
3.057129e+00
3.087891e+00
3.135254e+00
3.165527e+00
3.210938e+00
3.239746e+00
3.283691e+00
3.311035e+00
3.353027e+00
3.379395e+00
3.419434e+00
3.444336e+00
3.482422e+00
3.506348e+00
3.541992e+00
3.564453e+00
3.598633e+00
3.620117e+00
3.651367e+00
3.671387e+00
3.700684e+00
3.719238e+00
3.746582e+00
3.763672e+00
3.789063e+00
3.804688e+00
3.827148e+00
3.841309e+00
3.862305e+00
3.874512e+00
3.893066e+00
3.903809e+00
3.919922e+00
3.929688e+00
3.943359e+00
3.951172e+00
3.962402e+00
3.968750e+00
3.977539e+00
3.982422e+00
3.988770e+00
3.991699e+00
3.996094e+00
3.998047e+00
3.999023e+00
3.999023e+00
3.998535e+00
3.997070e+00
3.994141e+00
3.990723e+00
3.985352e+00
3.980469e+00
3.972656e+00
3.966309e+00
3.956055e+00
3.947754e+00
3.935547e+00
3.925781e+00
3.910645e+00
3.899902e+00
3.882324e+00
3.870117e+00
3.850098e+00
3.836426e+00
3.814453e+00
3.798828e+00
3.774414e+00
3.757324e+00
3.731445e+00
3.712891e+00
3.684082e+00
3.664063e+00
3.633301e+00
3.612305e+00
3.579590e+00
3.557129e+00
3.521484e+00
3.497559e+00
3.460938e+00
3.436035e+00
3.396484e+00
3.370117e+00
3.329590e+00
3.301758e+00
3.258789e+00
3.229980e+00
3.185059e+00
3.155273e+00
3.108887e+00
3.078125e+00
3.029785e+00
2.998047e+00
2.948242e+00
2.915527e+00
2.863770e+00
2.830078e+00
2.776855e+00
2.742676e+00
2.687500e+00
2.652344e+00
2.596191e+00
2.560059e+00
2.502930e+00
2.466309e+00
2.407227e+00
2.370117e+00
2.310059e+00
2.271973e+00
2.210449e+00
2.172363e+00
2.109863e+00
2.071289e+00
2.007813e+00
1.968750e+00
1.904297e+00
1.865234e+00
1.799805e+00
1.759766e+00
1.693848e+00
1.653809e+00
1.587402e+00
1.547363e+00
1.479492e+00
1.439453e+00
0.000000e+00
1.365234e+00
1.296387e+00
1.256836e+00
1.187500e+00
1.147461e+00
1.078125e+00
1.038574e+00
9.687500e-01
9.291992e-01
8.588867e-01
8.198242e-01
7.500000e-01
7.109375e-01
6.406250e-01
6.025391e-01
5.322266e-01
4.946289e-01
4.243164e-01
3.867188e-01
3.168945e-01
2.797852e-01
2.099609e-01
1.738281e-01
1.040039e-01
6.884766e-02
0.000000e+00
-3.466797e-02
-1.040039e-01
-1.376953e-01
-2.060547e-01
-2.387695e-01
-3.066406e-01
-3.383789e-01
-4.057617e-01
-4.365234e-01
-5.029297e-01
-5.327148e-01
-5.986328e-01
-6.274414e-01
-6.923828e-01
-7.202148e-01
-7.841797e-01
-8.105469e-01
-8.735352e-01
-8.989258e-01
-9.614258e-01
-9.853516e-01
-1.046875e+00
-1.069336e+00
-1.129395e+00
-1.150391e+00
-1.209473e+00
-1.229492e+00
-1.287109e+00
-1.305664e+00
-1.362305e+00
-1.379395e+00
-1.434570e+00
-1.450195e+00
-1.504395e+00
-1.518555e+00
-1.570801e+00
-1.583496e+00
-1.634766e+00
-1.645996e+00
-1.696289e+00
-1.705566e+00
-1.753906e+00
-1.761719e+00
-1.809082e+00
-1.815430e+00
-1.860352e+00
-1.865234e+00
-1.909180e+00
-1.912598e+00
-1.954590e+00
-1.956543e+00
-1.997070e+00
-1.997070e+00
-2.002441e+00
-2.041016e+00
-2.038574e+00
-2.075684e+00
-2.071289e+00
-2.105957e+00
-2.100586e+00
-2.134277e+00
-2.126953e+00
-2.159180e+00
-2.150391e+00
-2.180176e+00
-2.169922e+00
-2.198242e+00
-2.186523e+00
-2.213379e+00
-2.200195e+00
-2.225586e+00
-2.210938e+00
-2.234863e+00
-2.218262e+00
-2.240234e+00
-2.222656e+00
-2.242676e+00
-2.223633e+00
-2.242676e+00
-2.222168e+00
-2.239258e+00
-2.217285e+00
-2.232910e+00
-2.209473e+00
-2.223633e+00
-2.199219e+00
-2.211426e+00
-2.185547e+00
-2.196777e+00
-2.169922e+00
-2.180176e+00
-2.151855e+00
-2.159668e+00
-2.130371e+00
-2.137695e+00
-2.107422e+00
-2.112793e+00
-2.081543e+00
-2.085449e+00
-2.053223e+00
-2.056152e+00
-2.022949e+00
-2.024414e+00
-1.990234e+00
-1.990723e+00
-1.955566e+00
-1.955078e+00
-1.919434e+00
-1.917480e+00
-1.881348e+00
-1.877930e+00
-1.841309e+00
-1.836914e+00
-1.799316e+00
-1.794434e+00
-1.756348e+00
-1.750000e+00
-1.711426e+00
-1.704590e+00
-1.665527e+00
0.000000e+00
0.000000e+00
7.084961e-01
7.084961e-01
-1.600586e+00
-1.561035e+00
-1.550781e+00
-1.511230e+00
-1.500488e+00
-1.460449e+00
-1.449219e+00
-1.409180e+00
-1.396973e+00
-1.357422e+00
-1.345215e+00
-1.305176e+00
-1.291992e+00
-1.252441e+00
-1.239258e+00
-1.199707e+00
-1.185547e+00
-1.146484e+00
-1.132813e+00
-1.093750e+00
-1.079102e+00
-1.040527e+00
-1.026367e+00
-9.882813e-01
-9.736328e-01
-9.360352e-01
-9.213867e-01
-8.842773e-01
-8.696289e-01
-8.334961e-01
-8.183594e-01
-7.827148e-01
-7.680664e-01
-7.329102e-01
-7.182617e-01
-6.845703e-01
-6.699219e-01
-6.367188e-01
-6.220703e-01
-5.898438e-01
-5.756836e-01
-5.444336e-01
-5.307617e-01
-5.004883e-01
-4.863281e-01
-4.575195e-01
-4.443359e-01
-4.160156e-01
-4.033203e-01
-3.759766e-01
-3.637695e-01
-3.378906e-01
-3.261719e-01
-3.017578e-01
-2.905273e-01
-2.670898e-01
-2.563477e-01
-2.343750e-01
-2.241211e-01
-2.036133e-01
-1.938477e-01
-1.748047e-01
-1.655273e-01
-1.479492e-01
-1.396484e-01
-1.230469e-01
-1.152344e-01
-1.005859e-01
-9.375000e-02
-8.007813e-02
-7.421875e-02
-6.201172e-02
-5.664063e-02
-4.638672e-02
-4.150391e-02
-3.271484e-02
-2.880859e-02
-2.148438e-02
-1.855469e-02
-1.269531e-02
-9.765625e-03
-5.859375e-03
-4.882813e-03
-2.441406e-03
-9.765625e-04
-4.882813e-04
-4.882813e-04
-9.765625e-04
-1.464844e-03
-3.906250e-03
-5.859375e-03
-9.765625e-03
-1.220703e-02
-1.757813e-02
-2.099609e-02
-2.783203e-02
-3.173828e-02
-4.003906e-02
-4.492188e-02
-5.517578e-02
-6.054688e-02
-7.275391e-02
-7.861328e-02
-9.228516e-02
-9.863281e-02
-1.137695e-01
-1.215820e-01
-1.376953e-01
-1.459961e-01
-1.635742e-01
-1.723633e-01
-1.914063e-01
-2.011719e-01
-2.216797e-01
-2.314453e-01
-2.534180e-01
-2.641602e-01
-2.875977e-01
-2.988281e-01
-3.232422e-01
-3.349609e-01
-3.608398e-01
-3.730469e-01
-3.999023e-01
-4.130859e-01
-4.409180e-01
-4.541016e-01
-4.833984e-01
-4.965820e-01
-5.268555e-01
-5.405273e-01
-5.717773e-01
-5.859375e-01
-6.181641e-01
-6.323242e-01
-6.655273e-01
-6.801758e-01
-7.143555e-01
-7.285156e-01
-7.636719e-01
-7.783203e-01
-8.139648e-01
-8.286133e-01
-8.647461e-01
-8.793945e-01
-9.165039e-01
-9.311523e-01
-9.687500e-01
-9.833984e-01
-1.021484e+00
-1.035645e+00
-1.074219e+00
-1.088379e+00
-1.127441e+00
-1.141113e+00
-1.180664e+00
-1.193848e+00
-1.233398e+00
-1.247070e+00
-1.286621e+00
-1.299805e+00
-1.339355e+00
-1.352051e+00
-1.392090e+00
-1.403809e+00
-1.490234e+00
-1.500977e+00
-1.541016e+00
-1.551758e+00
-1.591309e+00
-1.601074e+00
-1.640625e+00
-1.649902e+00
-1.689453e+00
-1.697754e+00
-1.736328e+00
-1.744141e+00
-1.782715e+00
-1.788574e+00
-1.826660e+00
-1.832031e+00
-1.869629e+00
-1.874512e+00
-1.911133e+00
-1.915039e+00
-1.951172e+00
-1.953613e+00
-1.989258e+00
-1.990234e+00
-2.024902e+00
-2.025391e+00
-2.059570e+00
-2.058105e+00
-2.091309e+00
-2.088867e+00
-2.121094e+00
-2.117188e+00
-2.148438e+00
-2.143066e+00
-2.173340e+00
-2.166992e+00
-2.196289e+00
-2.187988e+00
-2.215820e+00
-2.207031e+00
-2.233887e+00
-2.222656e+00
-2.248047e+00
-2.235840e+00
-2.260254e+00
-2.246582e+00
-2.270020e+00
-2.254395e+00
-2.276367e+00
-2.258789e+00
-2.279297e+00
-2.260742e+00
-2.279785e+00
-2.259766e+00
-2.277344e+00
-2.255371e+00
-2.271484e+00
-2.248047e+00
-2.262695e+00
-2.237793e+00
-2.250977e+00
-2.224121e+00
-2.235840e+00
-2.207520e+00
-2.217773e+00
-2.187500e+00
-2.196289e+00
-2.164063e+00
-2.171387e+00
-2.138184e+00
-2.143555e+00
-2.108398e+00
-2.112305e+00
-2.075684e+00
-2.077637e+00
-2.039551e+00
-2.040039e+00
-2.000000e+00
-1.999023e+00
-1.957520e+00
-1.955078e+00
-1.912598e+00
-1.908203e+00
-1.863281e+00
-1.857910e+00
-1.811523e+00
-1.804199e+00
-1.756348e+00
-1.747559e+00
-1.698242e+00
-1.687988e+00
-1.637207e+00
-1.625488e+00
-1.573242e+00
-1.560059e+00
-1.506348e+00
-1.491699e+00
-1.437012e+00
-1.420410e+00
-1.364258e+00
-1.346680e+00
-1.289063e+00
-1.270020e+00
-1.210938e+00
-1.190430e+00
-1.130371e+00
-1.108398e+00
-1.047852e+00
-1.024414e+00
-9.624023e-01
-9.379883e-01
-8.745117e-01
-8.486328e-01
-7.846680e-01
-7.578125e-01
-6.933594e-01
-6.650391e-01
-5.991211e-01
-5.698242e-01
-5.034180e-01
-4.731445e-01
-4.062500e-01
-3.750000e-01
-3.066406e-01
-2.744141e-01
-2.060547e-01
-1.728516e-01
-1.040039e-01
-6.982422e-02
-4.882813e-04
3.466797e-02
1.044922e-01
1.401367e-01
2.099609e-01
2.460938e-01
3.168945e-01
3.535156e-01
4.243164e-01
4.619141e-01
5.327148e-01
5.708008e-01
6.416016e-01
6.801758e-01
7.504883e-01
7.895508e-01
8.598633e-01
8.989258e-01
9.692383e-01
1.008789e+00
1.078613e+00
1.118652e+00
1.188477e+00
1.228516e+00
1.297363e+00
1.337402e+00
1.406250e+00
1.446289e+00
1.514160e+00
1.554199e+00
1.621582e+00
1.661621e+00
1.728516e+00
1.768066e+00
1.833984e+00
1.873535e+00
1.938477e+00
1.977539e+00
2.041504e+00
2.080566e+00
2.143555e+00
2.181641e+00
2.243652e+00
2.281738e+00
2.342773e+00
2.379883e+00
2.439453e+00
2.476074e+00
2.534180e+00
2.570313e+00
2.627441e+00
2.662598e+00
2.718262e+00
2.752930e+00
2.806641e+00
2.840332e+00
2.892578e+00
2.925781e+00
2.976563e+00
3.008301e+00
3.057129e+00
3.087891e+00
3.135254e+00
3.165527e+00
3.210938e+00
3.239746e+00
3.283691e+00
3.311035e+00
3.353027e+00
3.379395e+00
3.419434e+00
3.444336e+00
3.482422e+00
3.506348e+00
3.541992e+00
3.564453e+00
3.598633e+00
3.620117e+00
3.651367e+00
3.671387e+00
3.700684e+00
3.719238e+00
3.746582e+00
3.763672e+00
3.789063e+00
3.804688e+00
3.827148e+00
3.841309e+00
3.862305e+00
3.874512e+00
3.893066e+00
3.903809e+00
3.919922e+00
3.929688e+00
3.943359e+00
3.951172e+00
3.962402e+00
3.968750e+00
3.977539e+00
3.982422e+00
3.988770e+00
3.991699e+00
3.996094e+00
3.998047e+00
3.999023e+00
3.999023e+00
3.998535e+00
3.997070e+00
3.994141e+00
3.990723e+00
3.985352e+00
3.980469e+00
3.972656e+00
3.966309e+00
3.956055e+00
3.947754e+00
3.935547e+00
3.925781e+00
3.910645e+00
3.899902e+00
3.882324e+00
3.870117e+00
3.850098e+00
3.836426e+00
3.814453e+00
3.798828e+00
3.774414e+00
3.757324e+00
3.731445e+00
3.712891e+00
3.684082e+00
3.664063e+00
3.633301e+00
3.612305e+00
3.579590e+00
3.557129e+00
3.521484e+00
3.497559e+00
3.460938e+00
3.436035e+00
3.396484e+00
3.370117e+00
3.329590e+00
3.301758e+00
3.258789e+00
3.229980e+00
3.185059e+00
3.155273e+00
3.108887e+00
3.078125e+00
3.029785e+00
2.998047e+00
2.948242e+00
2.915527e+00
2.863770e+00
2.830078e+00
2.776855e+00
2.742676e+00
2.687500e+00
2.652344e+00
2.596191e+00
2.560059e+00
2.502930e+00
2.466309e+00
2.407227e+00
2.370117e+00
2.310059e+00
2.271973e+00
2.210449e+00
2.172363e+00
2.109863e+00
2.071289e+00
2.007813e+00
1.968750e+00
1.904297e+00
1.865234e+00
1.799805e+00
1.759766e+00
1.693848e+00
1.653809e+00
1.587402e+00
1.547363e+00
1.479492e+00
1.439453e+00
0.000000e+00
1.365234e+00
1.296387e+00
1.256836e+00
1.187500e+00
1.147461e+00
1.078125e+00
1.038574e+00
9.687500e-01
9.291992e-01
8.588867e-01
8.198242e-01
7.500000e-01
7.109375e-01
6.406250e-01
6.025391e-01
5.322266e-01
4.946289e-01
4.243164e-01
3.867188e-01
3.168945e-01
2.797852e-01
2.099609e-01
1.738281e-01
1.040039e-01
6.884766e-02
0.000000e+00
-3.466797e-02
-1.040039e-01
-1.376953e-01
-2.060547e-01
-2.387695e-01
-3.066406e-01
-3.383789e-01
-4.057617e-01
-4.365234e-01
-5.029297e-01
-5.327148e-01
-5.986328e-01
-6.274414e-01
-6.923828e-01
-7.202148e-01
-7.841797e-01
-8.105469e-01
-8.735352e-01
-8.989258e-01
-9.614258e-01
-9.853516e-01
-1.046875e+00
-1.069336e+00
-1.129395e+00
-1.150391e+00
-1.209473e+00
-1.229492e+00
-1.287109e+00
-1.305664e+00
-1.362305e+00
-1.379395e+00
-1.434570e+00
-1.450195e+00
-1.504395e+00
-1.518555e+00
-1.570801e+00
-1.583496e+00
-1.634766e+00
-1.645996e+00
-1.696289e+00
-1.705566e+00
-1.753906e+00
-1.761719e+00
-1.809082e+00
-1.815430e+00
-1.860352e+00
-1.865234e+00
-1.909180e+00
-1.912598e+00
-1.954590e+00
-1.956543e+00
-1.997070e+00
-1.997070e+00
-2.002441e+00
-2.041016e+00
-2.038574e+00
-2.075684e+00
-2.071289e+00
-2.105957e+00
-2.100586e+00
-2.134277e+00
-2.126953e+00
-2.159180e+00
-2.150391e+00
-2.180176e+00
-2.169922e+00
-2.198242e+00
-2.186523e+00
-2.213379e+00
-2.200195e+00
-2.225586e+00
-2.210938e+00
-2.234863e+00
-2.218262e+00
-2.240234e+00
-2.222656e+00
-2.242676e+00
-2.223633e+00
-2.242676e+00
-2.222168e+00
-2.239258e+00
-2.217285e+00
-2.232910e+00
-2.209473e+00
-2.223633e+00
-2.199219e+00
-2.211426e+00
-2.185547e+00
-2.196777e+00
-2.169922e+00
-2.180176e+00
-2.151855e+00
-2.159668e+00
-2.130371e+00
-2.137695e+00
-2.107422e+00
-2.112793e+00
-2.081543e+00
-2.085449e+00
-2.053223e+00
-2.056152e+00
-2.022949e+00
-2.024414e+00
-1.990234e+00
-1.990723e+00
-1.955566e+00
-1.955078e+00
-1.919434e+00
-1.917480e+00
-1.881348e+00
-1.877930e+00
-1.841309e+00
-1.836914e+00
-1.799316e+00
-1.794434e+00
-1.756348e+00
-1.750000e+00
-1.711426e+00
-1.704590e+00
-1.665527e+00
0.000000e+00
0.000000e+00
7.084961e-01
7.084961e-01
-1.600586e+00
-1.561035e+00
-1.550781e+00
-1.511230e+00
-1.500488e+00
-1.460449e+00
-1.449219e+00
-1.409180e+00
-1.396973e+00
-1.357422e+00
-1.345215e+00
-1.305176e+00
-1.291992e+00
-1.252441e+00
-1.239258e+00
-1.199707e+00
-1.185547e+00
-1.146484e+00
-1.132813e+00
-1.093750e+00
-1.079102e+00
-1.040527e+00
-1.026367e+00
-9.882813e-01
-9.736328e-01
-9.360352e-01
-9.213867e-01
-8.842773e-01
-8.696289e-01
-8.334961e-01
-8.183594e-01
-7.827148e-01
-7.680664e-01
-7.329102e-01
-7.182617e-01
-6.845703e-01
-6.699219e-01
-6.367188e-01
-6.220703e-01
-5.898438e-01
-5.756836e-01
-5.444336e-01
-5.307617e-01
-5.004883e-01
-4.863281e-01
-4.575195e-01
-4.443359e-01
-4.160156e-01
-4.033203e-01
-3.759766e-01
-3.637695e-01
-3.378906e-01
-3.261719e-01
-3.017578e-01
-2.905273e-01
-2.670898e-01
-2.563477e-01
-2.343750e-01
-2.241211e-01
-2.036133e-01
-1.938477e-01
-1.748047e-01
-1.655273e-01
-1.479492e-01
-1.396484e-01
-1.230469e-01
-1.152344e-01
-1.005859e-01
-9.375000e-02
-8.007813e-02
-7.421875e-02
-6.201172e-02
-5.664063e-02
-4.638672e-02
-4.150391e-02
-3.271484e-02
-2.880859e-02
-2.148438e-02
-1.855469e-02
-1.269531e-02
-9.765625e-03
-5.859375e-03
-4.882813e-03
-2.441406e-03
-9.765625e-04
-4.882813e-04
-4.882813e-04
-9.765625e-04
-1.464844e-03
-3.906250e-03
-5.859375e-03
-9.765625e-03
-1.220703e-02
-1.757813e-02
-2.099609e-02
-2.783203e-02
-3.173828e-02
-4.003906e-02
-4.492188e-02
-5.517578e-02
-6.054688e-02
-7.275391e-02
-7.861328e-02
-9.228516e-02
-9.863281e-02
-1.137695e-01
-1.215820e-01
-1.376953e-01
-1.459961e-01
-1.635742e-01
-1.723633e-01
-1.914063e-01
-2.011719e-01
-2.216797e-01
-2.314453e-01
-2.534180e-01
-2.641602e-01
-2.875977e-01
-2.988281e-01
-3.232422e-01
-3.349609e-01
-3.608398e-01
-3.730469e-01
-3.999023e-01
-4.130859e-01
-4.409180e-01
-4.541016e-01
-4.833984e-01
-4.965820e-01
-5.268555e-01
-5.405273e-01
-5.717773e-01
-5.859375e-01
-6.181641e-01
-6.323242e-01
-6.655273e-01
-6.801758e-01
-7.143555e-01
-7.285156e-01
-7.636719e-01
-7.783203e-01
-8.139648e-01
-8.286133e-01
-8.647461e-01
-8.793945e-01
-9.165039e-01
-9.311523e-01
-9.687500e-01
-9.833984e-01
-1.021484e+00
-1.035645e+00
-1.074219e+00
-1.088379e+00
-1.127441e+00
-1.141113e+00
-1.180664e+00
-1.193848e+00
-1.233398e+00
-1.247070e+00
-1.286621e+00
-1.299805e+00
-1.339355e+00
-1.352051e+00
-1.392090e+00
-1.403809e+00
-1.490234e+00
-1.500977e+00
-1.541016e+00
-1.551758e+00
-1.591309e+00
-1.601074e+00
-1.640625e+00
-1.649902e+00
-1.689453e+00
-1.697754e+00
-1.736328e+00
-1.744141e+00
-1.782715e+00
-1.788574e+00
-1.826660e+00
-1.832031e+00
-1.869629e+00
-1.874512e+00
-1.911133e+00
-1.915039e+00
-1.951172e+00
-1.953613e+00
-1.989258e+00
-1.990234e+00
-2.024902e+00
-2.025391e+00
-2.059570e+00
-2.058105e+00
-2.091309e+00
-2.088867e+00
-2.121094e+00
-2.117188e+00
-2.148438e+00
-2.143066e+00
-2.173340e+00
-2.166992e+00
-2.196289e+00
-2.187988e+00
-2.215820e+00
-2.207031e+00
-2.233887e+00
-2.222656e+00
-2.248047e+00
-2.235840e+00
-2.260254e+00
-2.246582e+00
-2.270020e+00
-2.254395e+00
-2.276367e+00
-2.258789e+00
-2.279297e+00
-2.260742e+00
-2.279785e+00
-2.259766e+00
-2.277344e+00
-2.255371e+00
-2.271484e+00
-2.248047e+00
-2.262695e+00
-2.237793e+00
-2.250977e+00
-2.224121e+00
-2.235840e+00
-2.207520e+00
-2.217773e+00
-2.187500e+00
-2.196289e+00
-2.164063e+00
-2.171387e+00
-2.138184e+00
-2.143555e+00
-2.108398e+00
-2.112305e+00
-2.075684e+00
-2.077637e+00
-2.039551e+00
-2.040039e+00
-2.000000e+00
-1.999023e+00
-1.957520e+00
-1.955078e+00
-1.912598e+00
-1.908203e+00
-1.863281e+00
-1.857910e+00
-1.811523e+00
-1.804199e+00
-1.756348e+00
-1.747559e+00
-1.698242e+00
-1.687988e+00
-1.637207e+00
-1.625488e+00
-1.573242e+00
-1.560059e+00
-1.506348e+00
-1.491699e+00
-1.437012e+00
-1.420410e+00
-1.364258e+00
-1.346680e+00
-1.289063e+00
-1.270020e+00
-1.210938e+00
-1.190430e+00
-1.130371e+00
-1.108398e+00
-1.047852e+00
-1.024414e+00
-9.624023e-01
-9.379883e-01
-8.745117e-01
-8.486328e-01
-7.846680e-01
-7.578125e-01
-6.933594e-01
-6.650391e-01
-5.991211e-01
-5.698242e-01
-5.034180e-01
-4.731445e-01
-4.062500e-01
-3.750000e-01
-3.066406e-01
-2.744141e-01
-2.060547e-01
-1.728516e-01
-1.040039e-01
-6.982422e-02
-4.882813e-04
3.466797e-02
1.044922e-01
1.401367e-01
2.099609e-01
2.460938e-01
3.168945e-01
3.535156e-01
4.243164e-01
4.619141e-01
5.327148e-01
5.708008e-01
6.416016e-01
6.801758e-01
7.504883e-01
7.895508e-01
8.598633e-01
8.989258e-01
9.692383e-01
1.008789e+00
1.078613e+00
1.118652e+00
1.188477e+00
1.228516e+00
1.297363e+00
1.337402e+00
1.406250e+00
1.446289e+00
1.514160e+00
1.554199e+00
1.621582e+00
1.661621e+00
1.728516e+00
1.768066e+00
1.833984e+00
1.873535e+00
1.938477e+00
1.977539e+00
2.041504e+00
2.080566e+00
2.143555e+00
2.181641e+00
2.243652e+00
2.281738e+00
2.342773e+00
2.379883e+00
2.439453e+00
2.476074e+00
2.534180e+00
2.570313e+00
2.627441e+00
2.662598e+00
2.718262e+00
2.752930e+00
2.806641e+00
2.840332e+00
2.892578e+00
2.925781e+00
2.976563e+00
3.008301e+00
3.057129e+00
3.087891e+00
3.135254e+00
3.165527e+00
3.210938e+00
3.239746e+00
3.283691e+00
3.311035e+00
3.353027e+00
3.379395e+00
3.419434e+00
3.444336e+00
3.482422e+00
3.506348e+00
3.541992e+00
3.564453e+00
3.598633e+00
3.620117e+00
3.651367e+00
3.671387e+00
3.700684e+00
3.719238e+00
3.746582e+00
3.763672e+00
3.789063e+00
3.804688e+00
3.827148e+00
3.841309e+00
3.862305e+00
3.874512e+00
3.893066e+00
3.903809e+00
3.919922e+00
3.929688e+00
3.943359e+00
3.951172e+00
3.962402e+00
3.968750e+00
3.977539e+00
3.982422e+00
3.988770e+00
3.991699e+00
3.996094e+00
3.998047e+00
3.999023e+00
3.999023e+00
3.998535e+00
3.997070e+00
3.994141e+00
3.990723e+00
3.985352e+00
3.980469e+00
3.972656e+00
3.966309e+00
3.956055e+00
3.947754e+00
3.935547e+00
3.925781e+00
3.910645e+00
3.899902e+00
3.882324e+00
3.870117e+00
3.850098e+00
3.836426e+00
3.814453e+00
3.798828e+00
3.774414e+00
3.757324e+00
3.731445e+00
3.712891e+00
3.684082e+00
3.664063e+00
3.633301e+00
3.612305e+00
3.579590e+00
3.557129e+00
3.521484e+00
3.497559e+00
3.460938e+00
3.436035e+00
3.396484e+00
3.370117e+00
3.329590e+00
3.301758e+00
3.258789e+00
3.229980e+00
3.185059e+00
3.155273e+00
3.108887e+00
3.078125e+00
3.029785e+00
2.998047e+00
2.948242e+00
2.915527e+00
2.863770e+00
2.830078e+00
2.776855e+00
2.742676e+00
2.687500e+00
2.652344e+00
2.596191e+00
2.560059e+00
2.502930e+00
2.466309e+00
2.407227e+00
2.370117e+00
2.310059e+00
2.271973e+00
2.210449e+00
2.172363e+00
2.109863e+00
2.071289e+00
2.007813e+00
1.968750e+00
1.904297e+00
1.865234e+00
1.799805e+00
1.759766e+00
1.693848e+00
1.653809e+00
1.587402e+00
1.547363e+00
1.479492e+00
1.439453e+00
0.000000e+00
1.365234e+00
1.296387e+00
1.256836e+00
1.187500e+00
1.147461e+00
1.078125e+00
1.038574e+00
9.687500e-01
9.291992e-01
8.588867e-01
8.198242e-01
7.500000e-01
7.109375e-01
6.406250e-01
6.025391e-01
5.322266e-01
4.946289e-01
4.243164e-01
3.867188e-01
3.168945e-01
2.797852e-01
2.099609e-01
1.738281e-01
1.040039e-01
6.884766e-02
0.000000e+00
-3.466797e-02
-1.040039e-01
-1.376953e-01
-2.060547e-01
-2.387695e-01
-3.066406e-01
-3.383789e-01
-4.057617e-01
