0.000000e+00
0.000000e+00
0.000000e+00
0.000000e+00
4.000000e+00
4.000000e+00
4.000000e+00
4.000000e+00
4.000000e+00
3.185302e-03
3.185302e-03
3.185302e-03
-1.513053e+00
-1.539914e+00
4.949011e-01
5.131248e-01
5.307008e-01
5.476262e-01
5.638984e-01
5.795150e-01
5.944738e-01
6.087734e-01
6.224120e-01
6.353887e-01
6.477027e-01
6.593534e-01
6.703406e-01
6.806644e-01
6.903253e-01
6.993239e-01
7.076612e-01
7.153386e-01
7.223577e-01
7.287203e-01
7.344287e-01
7.394855e-01
7.438934e-01
7.476555e-01
7.507753e-01
7.532564e-01
7.551028e-01
7.563187e-01
7.569088e-01
7.568779e-01
7.562309e-01
7.549735e-01
7.531112e-01
7.506499e-01
7.475959e-01
7.439557e-01
7.397360e-01
7.349437e-01
7.295862e-01
7.236709e-01
7.172056e-01
7.101983e-01
7.026573e-01
6.945911e-01
6.860082e-01
6.769178e-01
6.673290e-01
6.572511e-01
6.466938e-01
6.356670e-01
6.241806e-01
6.122449e-01
5.998704e-01
5.870676e-01
5.738475e-01
5.602209e-01
5.461992e-01
5.317937e-01
5.170159e-01
5.018775e-01
4.863904e-01
4.705665e-01
4.544182e-01
4.379576e-01
4.211972e-01
4.041497e-01
3.868276e-01
3.692439e-01
3.514115e-01
3.333433e-01
3.150527e-01
2.965527e-01
2.778569e-01
2.589786e-01
2.399313e-01
2.207286e-01
2.013842e-01
1.819117e-01
1.623250e-01
1.426379e-01
1.228642e-01
1.030178e-01
8.311278e-02
6.316291e-02
4.318230e-02
2.318487e-02
3.184684e-03
-1.680437e-02
-3.676818e-02
-5.669282e-02
-7.656430e-02
-9.636874e-02
-1.160922e-01
-1.357208e-01
-1.552407e-01
-1.746381e-01
-1.938993e-01
-2.130107e-01
-2.319586e-01
-2.507296e-01
-2.693101e-01
-2.876869e-01
-3.058465e-01
-3.237760e-01
-3.414622e-01
-3.588922e-01
-3.760531e-01
-3.929321e-01
-4.095167e-01
-4.257945e-01
-4.417530e-01
-4.573802e-01
-4.726639e-01
-4.875923e-01
-5.021536e-01
-5.163363e-01
-5.301290e-01
-5.435205e-01
-5.564997e-01
-5.690558e-01
-5.811780e-01
-5.928561e-01
-6.040795e-01
-6.148384e-01
-6.251228e-01
-6.349231e-01
-6.442298e-01
-6.530337e-01
-6.613259e-01
-6.690976e-01
-6.763403e-01
-6.830456e-01
-6.892056e-01
-6.948125e-01
-6.998586e-01
-7.043368e-01
-7.082399e-01
-7.115612e-01
-7.142941e-01
-7.164325e-01
-7.179703e-01
-7.189018e-01
-7.192216e-01
-7.189245e-01
-7.180057e-01
-7.164605e-01
-7.142846e-01
-7.114741e-01
-7.080251e-01
-7.039342e-01
-6.991982e-01
-6.938144e-01
-6.877801e-01
-6.810931e-01
-6.737513e-01
-6.657532e-01
-6.570974e-01
-6.477827e-01
-6.378085e-01
-6.271742e-01
-6.158798e-01
-6.039254e-01
-5.913114e-01
-5.780385e-01
-5.641080e-01
-5.476668e-01
-5.314989e-01
-5.146795e-01
-4.972112e-01
-4.790969e-01
-4.603399e-01
-4.409438e-01
-4.209124e-01
-4.002499e-01
-3.789608e-01
-3.570499e-01
-3.345221e-01
-3.113830e-01
-2.876380e-01
-2.632932e-01
-2.383548e-01
-2.128293e-01
-1.867234e-01
-1.600443e-01
-1.327994e-01
-1.049962e-01
-7.664268e-02
-4.774703e-02
-1.831768e-02
1.163667e-02
4.210705e-02
7.308420e-02
1.045586e-01
1.365206e-01
1.689602e-01
2.018671e-01
2.352309e-01
2.690408e-01
3.032860e-01
3.379551e-01
3.730370e-01
4.085199e-01
4.443920e-01
4.806412e-01
5.172554e-01
5.542221e-01
5.915286e-01
6.291621e-01
6.671096e-01
7.053578e-01
7.438934e-01
7.827029e-01
8.217724e-01
8.610882e-01
9.006361e-01
9.404021e-01
9.803717e-01
1.020531e+00
1.060864e+00
1.101357e+00
1.141995e+00
1.182764e+00
1.223647e+00
1.264630e+00
1.305697e+00
1.346833e+00
1.388023e+00
1.429251e+00
1.470502e+00
1.511759e+00
1.553007e+00
1.594231e+00
1.635413e+00
1.676539e+00
1.717593e+00
1.758558e+00
1.799418e+00
1.840158e+00
1.880762e+00
1.921213e+00
1.961495e+00
2.001593e+00
2.041490e+00
2.081170e+00
2.120618e+00
2.159817e+00
2.198752e+00
2.237407e+00
2.275765e+00
2.313812e+00
2.351531e+00
2.388908e+00
2.425926e+00
2.462569e+00
2.498824e+00
2.534674e+00
2.570104e+00
2.605099e+00
2.639645e+00
2.673726e+00
2.707328e+00
2.740437e+00
2.773037e+00
2.805115e+00
2.836656e+00
2.867647e+00
2.898073e+00
2.927922e+00
2.957179e+00
2.985832e+00
3.013867e+00
3.041272e+00
3.068033e+00
3.094139e+00
3.119576e+00
3.144333e+00
3.168399e+00
3.191760e+00
3.214406e+00
3.236326e+00
3.257509e+00
3.277943e+00
3.297619e+00
3.316527e+00
3.334655e+00
3.351995e+00
3.368538e+00
3.384273e+00
3.399192e+00
3.413286e+00
3.426547e+00
3.438967e+00
3.450538e+00
3.461252e+00
3.471103e+00
3.480083e+00
3.488186e+00
3.495404e+00
3.501733e+00
3.507167e+00
3.511699e+00
3.515326e+00
3.518041e+00
3.519842e+00
3.520722e+00
3.520679e+00
3.519709e+00
3.517809e+00
3.514976e+00
3.511207e+00
3.506500e+00
3.500854e+00
3.494266e+00
3.486735e+00
3.478261e+00
3.468843e+00
3.458480e+00
3.447173e+00
3.434921e+00
3.421727e+00
3.407591e+00
3.392513e+00
3.376497e+00
3.359544e+00
3.341657e+00
3.322838e+00
3.303090e+00
3.282417e+00
3.260823e+00
3.238311e+00
3.214886e+00
3.190553e+00
3.165316e+00
3.139182e+00
3.112156e+00
3.084243e+00
3.055451e+00
3.025785e+00
2.995254e+00
2.963863e+00
2.931621e+00
2.898536e+00
2.864616e+00
2.829868e+00
2.794303e+00
2.757930e+00
2.720756e+00
2.682793e+00
2.644050e+00
2.604538e+00
2.564267e+00
2.523247e+00
2.481491e+00
2.439008e+00
2.395812e+00
2.351913e+00
2.307324e+00
2.262057e+00
2.216125e+00
2.169540e+00
2.122317e+00
2.074467e+00
2.026005e+00
1.976945e+00
1.927300e+00
1.877084e+00
1.826313e+00
1.775000e+00
1.723161e+00
1.670810e+00
1.617963e+00
1.564635e+00
1.510842e+00
1.456599e+00
1.401923e+00
1.346829e+00
1.291333e+00
1.235452e+00
1.179203e+00
1.122601e+00
1.065665e+00
1.008410e+00
9.508533e-01
8.930127e-01
8.349050e-01
7.765475e-01
7.179576e-01
6.591529e-01
6.001509e-01
5.409692e-01
4.816255e-01
4.221376e-01
3.625233e-01
3.028004e-01
2.429869e-01
1.831007e-01
1.231597e-01
6.318187e-02
3.185302e-03
-5.681207e-02
-1.167923e-01
-1.767372e-01
-2.366290e-01
-2.964497e-01
-3.561813e-01
-4.158060e-01
-4.753058e-01
-5.346630e-01
-5.938597e-01
-6.528784e-01
-7.117012e-01
-7.703108e-01
-8.286896e-01
-8.868201e-01
-9.446851e-01
-1.002267e+00
-1.059550e+00
-1.116515e+00
-1.173147e+00
-1.229428e+00
-1.285343e+00
-1.340873e+00
-1.396003e+00
-1.450718e+00
-1.505000e+00
-1.558833e+00
-1.612203e+00
-1.665093e+00
-1.717489e+00
-1.769374e+00
-1.820734e+00
-1.871554e+00
-1.921820e+00
-1.971516e+00
-2.020629e+00
-2.069145e+00
-2.117050e+00
-2.164330e+00
-2.210972e+00
-2.256962e+00
-2.302289e+00
-2.346939e+00
-2.390900e+00
-2.434160e+00
-2.476707e+00
-2.518529e+00
-2.559615e+00
-2.599953e+00
-2.639534e+00
-2.678346e+00
-2.716380e+00
-2.753624e+00
-2.790070e+00
-2.825708e+00
-2.860529e+00
-2.894524e+00
-2.927685e+00
-2.960003e+00
-2.991471e+00
-3.022080e+00
-3.051824e+00
-3.080695e+00
-3.108688e+00
-3.135794e+00
-3.162009e+00
-3.187327e+00
-3.211743e+00
-3.235250e+00
-3.257845e+00
-3.279523e+00
-3.300280e+00
-3.320112e+00
-3.339016e+00
-3.356988e+00
-3.374027e+00
-3.390129e+00
-3.405292e+00
-3.419514e+00
-3.432795e+00
-3.446478e+00
-3.458543e+00
-3.469664e+00
-3.479839e+00
-3.489069e+00
-3.497354e+00
-3.504694e+00
-3.511091e+00
-3.516545e+00
-3.521059e+00
-3.524634e+00
-3.527272e+00
-3.528977e+00
-3.529751e+00
-3.529597e+00
-3.528519e+00
-3.526521e+00
-3.523608e+00
-3.519782e+00
-3.515051e+00
-3.509417e+00
-3.502888e+00
-3.495469e+00
-3.487166e+00
-3.477985e+00
-3.467933e+00
-3.457018e+00
-3.445245e+00
-3.432624e+00
-3.419161e+00
-3.404865e+00
-3.389744e+00
-3.373808e+00
-3.357064e+00
-3.339522e+00
-3.321192e+00
-3.302084e+00
-3.282207e+00
-3.261572e+00
-3.240189e+00
-3.218068e+00
-3.195222e+00
-3.171662e+00
-3.147397e+00
-3.122442e+00
-3.096806e+00
-3.070503e+00
-3.043545e+00
-3.015943e+00
-2.987712e+00
-2.958864e+00
-2.929412e+00
-2.899369e+00
-2.868750e+00
-2.837566e+00
-2.805833e+00
-2.773564e+00
-2.740774e+00
-2.707476e+00
-2.673686e+00
-2.639417e+00
-2.604685e+00
-2.569504e+00
-2.533889e+00
-2.497855e+00
-2.461418e+00
-2.424593e+00
-2.387394e+00
-2.349838e+00
-2.311941e+00
-2.273717e+00
-2.235182e+00
-2.196352e+00
-2.157244e+00
-2.117872e+00
-2.078253e+00
-2.038402e+00
-1.998337e+00
-1.958072e+00
-1.917964e+00
-1.877484e+00
-1.836853e+00
-1.796087e+00
-1.755202e+00
-1.714213e+00
-1.673138e+00
-1.631991e+00
-1.590788e+00
-1.549547e+00
-1.508281e+00
-1.467008e+00
-1.425743e+00
-1.384502e+00
-1.343300e+00
-1.302153e+00
-1.261076e+00
-1.220085e+00
-1.179194e+00
-1.138420e+00
-1.097778e+00
-1.057281e+00
-1.016946e+00
-9.767859e-01
-9.368165e-01
-8.970520e-01
-8.575067e-01
-8.181948e-01
-7.791302e-01
-7.403268e-01
-7.017985e-01
-6.635586e-01
-6.256207e-01
-5.879977e-01
-5.507029e-01
-5.137490e-01
-4.771486e-01
-4.409141e-01
-4.050579e-01
-3.695919e-01
-3.345279e-01
-2.998776e-01
-2.656523e-01
-2.318631e-01
-1.985210e-01
-1.656367e-01
-1.332207e-01
-1.012830e-01
-6.983384e-02
-3.888278e-02
-8.439302e-03
2.148734e-02
5.088820e-02
7.975460e-02
1.080781e-01
1.358506e-01
1.630641e-01
1.897110e-01
2.157841e-01
2.412762e-01
2.661806e-01
2.904908e-01
3.142005e-01
3.373039e-01
3.597953e-01
3.816695e-01
4.029213e-01
4.235459e-01
4.435391e-01
4.628966e-01
4.816146e-01
4.996895e-01
5.171180e-01
5.338973e-01
5.500247e-01
5.654979e-01
5.803149e-01
5.944738e-01
6.079734e-01
6.208125e-01
6.329902e-01
6.445062e-01
6.553601e-01
6.655522e-01
6.750828e-01
6.839527e-01
6.921628e-01
6.997146e-01
7.066096e-01
7.128497e-01
7.184372e-01
7.233747e-01
7.276649e-01
7.313110e-01
7.343163e-01
7.366846e-01
7.384198e-01
7.395263e-01
7.400086e-01
7.398715e-01
7.391202e-01
7.377601e-01
7.357968e-01
7.332363e-01
7.300848e-01
7.263489e-01
7.220351e-01
7.171506e-01
7.117027e-01
7.056988e-01
6.991466e-01
6.920543e-01
6.844301e-01
6.762824e-01
6.676200e-01
6.584518e-01
6.487871e-01
6.386352e-01
6.280058e-01
6.169086e-01
6.053538e-01
5.933516e-01
5.809124e-01
5.680468e-01
5.547658e-01
5.410803e-01
5.270016e-01
5.125409e-01
4.977099e-01
4.825203e-01
4.669838e-01
4.511126e-01
4.349188e-01
4.184148e-01
4.016129e-01
3.845257e-01
3.671661e-01
3.495467e-01
3.316806e-01
3.135807e-01
2.952603e-01
2.767327e-01
2.580111e-01
2.391090e-01
2.200399e-01
2.008174e-01
1.814551e-01
1.619668e-01
1.423663e-01
1.226673e-01
1.028838e-01
8.302962e-02
6.311871e-02
4.316504e-02
2.318256e-02
3.185302e-03
-1.681276e-02
-3.679761e-02
-5.675528e-02
-7.667176e-02
-9.653310e-02
-1.163254e-01
-1.360347e-01
-1.556471e-01
-1.751489e-01
-1.945262e-01
-2.137653e-01
-2.328526e-01
-2.517744e-01
-2.705173e-01
-2.890678e-01
-3.074125e-01
-3.255382e-01
-3.434317e-01
-3.610800e-01
-3.784701e-01
-3.955891e-01
-4.124243e-01
-4.289632e-01
-4.451933e-01
-4.611022e-01
-4.766778e-01
-4.919080e-01
-5.067809e-01
-5.212849e-01
-5.354084e-01
-5.491399e-01
-5.624683e-01
-5.753826e-01
-5.878718e-01
-5.999254e-01
-6.115328e-01
-6.226838e-01
-6.333683e-01
-6.435765e-01
-6.532988e-01
-6.625256e-01
-6.712479e-01
-6.794565e-01
-6.871429e-01
-6.942984e-01
-7.009148e-01
-7.069841e-01
-7.124985e-01
-7.174504e-01
-7.218325e-01
-7.256378e-01
-7.288596e-01
-7.314913e-01
-7.335267e-01
-7.349598e-01
-7.357850e-01
-7.359967e-01
-7.355899e-01
-7.345597e-01
-7.329014e-01
-7.306108e-01
-7.276839e-01
-7.241170e-01
-7.199065e-01
-7.150494e-01
-7.095428e-01
-7.033842e-01
-6.965713e-01
-6.891021e-01
-6.809750e-01
-6.721887e-01
-6.627421e-01
-6.526344e-01
-6.418651e-01
-6.304343e-01
-6.183419e-01
-6.055886e-01
-5.921750e-01
-5.781023e-01
-5.615175e-01
-5.452047e-01
-5.282389e-01
-5.106229e-01
-1.486041e+00
-1.513053e+00
-1.513053e+00
-1.539914e+00
4.949011e-01
5.131248e-01
5.307008e-01
5.476262e-01
5.638984e-01
5.795150e-01
5.944738e-01
6.087734e-01
6.224120e-01
6.353887e-01
6.477027e-01
6.593534e-01
6.703406e-01
6.806644e-01
6.903253e-01
6.993239e-01
7.076612e-01
7.153386e-01
7.223577e-01
7.287203e-01
7.344287e-01
7.394855e-01
7.438934e-01
7.476555e-01
7.507753e-01
7.532564e-01
7.551028e-01
7.563187e-01
7.569088e-01
7.568779e-01
7.562309e-01
7.549735e-01
7.531112e-01
7.506499e-01
7.475959e-01
7.439557e-01
7.397360e-01
7.349437e-01
7.295862e-01
7.236709e-01
7.172056e-01
7.101983e-01
7.026573e-01
6.945911e-01
6.860082e-01
6.769178e-01
6.673290e-01
6.572511e-01
6.466938e-01
6.356670e-01
6.241806e-01
6.122449e-01
5.998704e-01
5.870676e-01
5.738475e-01
5.602209e-01
5.461992e-01
5.317937e-01
5.170159e-01
5.018775e-01
4.863904e-01
4.705665e-01
4.544182e-01
4.379576e-01
4.211972e-01
4.041497e-01
3.868276e-01
3.692439e-01
3.514115e-01
3.333433e-01
3.150527e-01
2.965527e-01
2.778569e-01
2.589786e-01
2.399313e-01
2.207286e-01
2.013842e-01
1.819117e-01
1.623250e-01
1.426379e-01
1.228642e-01
1.030178e-01
8.311278e-02
6.316291e-02
4.318230e-02
2.318487e-02
3.184684e-03
-1.680437e-02
-3.676818e-02
-5.669282e-02
-7.656430e-02
-9.636874e-02
-1.160922e-01
-1.357208e-01
-1.552407e-01
-1.746381e-01
-1.938993e-01
-2.130107e-01
-2.319586e-01
-2.507296e-01
-2.693101e-01
-2.876869e-01
-3.058465e-01
-3.237760e-01
-3.414622e-01
-3.588922e-01
-3.760531e-01
-3.929321e-01
-4.095167e-01
-4.257945e-01
-4.417530e-01
-4.573802e-01
-4.726639e-01
-4.875923e-01
-5.021536e-01
-5.163363e-01
-5.301290e-01
-5.435205e-01
-5.564997e-01
-5.690558e-01
-5.811780e-01
-5.928561e-01
-6.040795e-01
-6.148384e-01
-6.251228e-01
-6.349231e-01
-6.442298e-01
-6.530337e-01
-6.613259e-01
-6.690976e-01
-6.763403e-01
-6.830456e-01
-6.892056e-01
-6.948125e-01
-6.998586e-01
-7.043368e-01
-7.082399e-01
-7.115612e-01
-7.142941e-01
-7.164325e-01
-7.179703e-01
-7.189018e-01
-7.192216e-01
-7.189245e-01
-7.180057e-01
-7.164605e-01
-7.142846e-01
-7.114741e-01
-7.080251e-01
-7.039342e-01
-6.991982e-01
-6.938144e-01
-6.877801e-01
-6.810931e-01
-6.737513e-01
-6.657532e-01
-6.570974e-01
-6.477827e-01
-6.378085e-01
-6.271742e-01
-6.158798e-01
-6.039254e-01
-5.913114e-01
-5.780385e-01
-5.641080e-01
-5.476668e-01
-5.314989e-01
-5.146795e-01
-4.972112e-01
-4.790969e-01
-4.603399e-01
-4.409438e-01
-4.209124e-01
-4.002499e-01
-3.789608e-01
-3.570499e-01
-3.345221e-01
-3.113830e-01
-2.876380e-01
-2.632932e-01
-2.383548e-01
-2.128293e-01
-1.867234e-01
-1.600443e-01
-1.327994e-01
-1.049962e-01
-7.664268e-02
-4.774703e-02
-1.831768e-02
1.163667e-02
4.210705e-02
7.308420e-02
1.045586e-01
1.365206e-01
1.689602e-01
