0.000000e+00
0.000000e+00
0.000000e+00
0.000000e+00
0.000000e+00
-4.000000e+00
-4.000000e+00
-4.000000e+00
-4.000000e+00
0.000000e+00
0.000000e+00
0.000000e+00
0.000000e+00
0.000000e+00
0.000000e+00
0.000000e+00
0.000000e+00
0.000000e+00
0.000000e+00
0.000000e+00
0.000000e+00
0.000000e+00
0.000000e+00
0.000000e+00
0.000000e+00
0.000000e+00
-3.999023e+00
-4.000000e+00
0.000000e+00
-4.000000e+00
3.999023e+00
3.999023e+00
3.999023e+00
3.999023e+00
3.999023e+00
4.296875e-02
4.296875e-02
4.296875e-02
-1.506348e+00
-1.546387e+00
4.790039e-01
4.838867e-01
5.146484e-01
5.185547e-01
5.483398e-01
5.502930e-01
5.795898e-01
5.800781e-01
6.083984e-01
6.069336e-01
6.337891e-01
6.313477e-01
6.572266e-01
6.528320e-01
6.777344e-01
6.713867e-01
6.953125e-01
6.879883e-01
7.109375e-01
7.016602e-01
7.231445e-01
7.124023e-01
7.333984e-01
7.211914e-01
7.407227e-01
7.270508e-01
7.451172e-01
7.299805e-01
7.480469e-01
7.309570e-01
7.475586e-01
7.294922e-01
7.451172e-01
7.255859e-01
7.402344e-01
7.192383e-01
7.329102e-01
7.104492e-01
7.231445e-01
6.997070e-01
7.109375e-01
6.865234e-01
6.967773e-01
6.708984e-01
6.806641e-01
6.538086e-01
6.625977e-01
6.337891e-01
6.420898e-01
6.127930e-01
6.201172e-01
5.893555e-01
5.961914e-01
5.644531e-01
5.703125e-01
5.380859e-01
5.429688e-01
5.097656e-01
5.141602e-01
4.799805e-01
4.838867e-01
4.487305e-01
4.526367e-01
4.165039e-01
4.194336e-01
3.828125e-01
3.852539e-01
3.481445e-01
3.500977e-01
3.125000e-01
3.139648e-01
2.758789e-01
2.768555e-01
2.382813e-01
2.392578e-01
2.001953e-01
2.006836e-01
1.616211e-01
1.616211e-01
1.220703e-01
1.225586e-01
8.251953e-02
8.251953e-02
4.296875e-02
4.296875e-02
2.929688e-03
2.929688e-03
-3.710938e-02
-3.710938e-02
-7.714844e-02
-7.666016e-02
-1.166992e-01
-1.166992e-01
-1.562500e-01
-1.557617e-01
-1.953125e-01
-1.943359e-01
-2.333984e-01
-2.329102e-01
-2.714844e-01
-2.705078e-01
-3.085938e-01
-3.071289e-01
-3.447266e-01
-3.432617e-01
-3.803711e-01
-3.774414e-01
-4.140625e-01
-4.111328e-01
-4.467773e-01
-4.438477e-01
-4.790039e-01
-4.750977e-01
-5.097656e-01
-5.048828e-01
-5.385742e-01
-5.332031e-01
-5.659180e-01
-5.600586e-01
-5.913086e-01
-5.849609e-01
-6.157227e-01
-6.079102e-01
-6.376953e-01
-6.293945e-01
-6.582031e-01
-6.494141e-01
-6.767578e-01
-6.665039e-01
-6.928711e-01
-6.821289e-01
-7.070313e-01
-6.953125e-01
-7.187500e-01
-7.065430e-01
-7.290039e-01
-7.153320e-01
-7.363281e-01
-7.221680e-01
-7.416992e-01
-7.260742e-01
-7.446289e-01
-7.275391e-01
-7.446289e-01
-7.270508e-01
-7.426758e-01
-7.241211e-01
-7.377930e-01
-7.182617e-01
-7.309570e-01
-7.099609e-01
-7.207031e-01
-6.987305e-01
-7.080078e-01
-6.855469e-01
-6.933594e-01
-6.694336e-01
-6.752930e-01
-6.503906e-01
-6.547852e-01
-6.293945e-01
-6.323242e-01
-6.054688e-01
-6.064453e-01
-5.781250e-01
-5.766602e-01
-5.468750e-01
-5.439453e-01
-5.131836e-01
-5.087891e-01
-4.765625e-01
-4.707031e-01
-4.379883e-01
-4.301758e-01
-3.959961e-01
-3.867188e-01
-3.525391e-01
-3.417969e-01
-3.061523e-01
-2.934570e-01
-2.573242e-01
-2.436523e-01
-2.060547e-01
-1.904297e-01
-1.523438e-01
-1.352539e-01
-9.667969e-02
-7.812500e-02
-3.857422e-02
-1.904297e-02
2.148438e-02
4.248047e-02
8.349609e-02
1.059570e-01
1.479492e-01
1.713867e-01
2.138672e-01
2.387695e-01
2.812500e-01
3.076172e-01
3.510742e-01
3.784180e-01
4.218750e-01
4.506836e-01
4.946289e-01
5.244141e-01
5.688477e-01
5.996094e-01
6.445313e-01
6.757813e-01
7.211914e-01
7.539063e-01
7.988281e-01
8.325195e-01
8.774414e-01
9.121094e-01
9.575195e-01
9.926758e-01
1.038086e+00
1.073730e+00
1.119141e+00
1.155762e+00
1.200684e+00
1.237793e+00
1.282715e+00
1.320313e+00
1.365234e+00
1.403320e+00
1.448242e+00
1.486816e+00
1.530762e+00
1.569824e+00
1.613281e+00
1.652832e+00
1.696289e+00
1.735840e+00
1.777832e+00
1.817871e+00
1.859375e+00
1.899414e+00
1.940918e+00
1.980957e+00
2.021484e+00
2.061523e+00
2.101074e+00
2.140625e+00
2.179199e+00
2.219238e+00
2.256836e+00
2.296387e+00
2.333496e+00
2.372559e+00
2.408203e+00
2.447266e+00
2.481445e+00
2.520020e+00
2.553711e+00
2.591797e+00
2.623535e+00
2.661133e+00
2.691895e+00
2.729004e+00
2.758301e+00
2.794922e+00
2.822754e+00
2.858887e+00
2.884766e+00
2.919922e+00
2.944824e+00
2.979004e+00
3.002441e+00
3.035645e+00
3.057617e+00
3.089844e+00
3.109863e+00
3.141602e+00
3.159180e+00
3.189941e+00
3.206543e+00
3.235840e+00
3.250000e+00
3.278809e+00
3.291504e+00
3.318359e+00
3.329590e+00
3.355469e+00
3.364258e+00
3.388672e+00
3.395996e+00
3.419434e+00
3.424316e+00
3.446777e+00
3.449219e+00
3.470215e+00
3.470703e+00
3.490234e+00
3.489258e+00
3.507324e+00
3.503418e+00
3.520508e+00
3.514648e+00
3.529785e+00
3.521973e+00
3.535645e+00
3.525879e+00
3.538086e+00
3.525879e+00
3.536621e+00
3.521973e+00
3.531250e+00
3.515137e+00
3.522461e+00
3.503418e+00
3.509766e+00
3.488770e+00
3.493164e+00
3.470215e+00
3.472656e+00
3.447754e+00
3.449219e+00
3.421875e+00
3.421387e+00
3.391113e+00
3.389160e+00
3.357910e+00
3.354004e+00
3.320313e+00
3.315430e+00
3.278809e+00
3.271973e+00
3.233887e+00
3.225586e+00
3.185547e+00
3.175781e+00
3.133301e+00
3.122070e+00
3.077637e+00
3.064453e+00
3.018555e+00
3.003906e+00
2.955566e+00
2.939941e+00
2.889648e+00
2.872559e+00
2.820313e+00
2.801270e+00
2.747559e+00
2.727539e+00
2.671875e+00
2.650391e+00
2.592773e+00
2.569824e+00
2.511230e+00
2.486816e+00
2.426270e+00
2.400391e+00
2.338379e+00
2.311523e+00
2.248047e+00
2.220215e+00
2.154785e+00
2.125977e+00
2.059570e+00
2.029297e+00
1.960938e+00
1.930176e+00
1.860840e+00
1.828613e+00
1.758301e+00
1.725098e+00
1.653809e+00
1.619629e+00
1.546875e+00
1.512207e+00
1.438477e+00
1.403320e+00
1.328613e+00
1.292480e+00
1.216797e+00
1.180176e+00
1.103516e+00
1.065918e+00
9.892578e-01
9.511719e-01
8.735352e-01
8.349609e-01
7.568359e-01
7.182617e-01
6.396484e-01
6.000977e-01
5.209961e-01
4.814453e-01
4.018555e-01
3.623047e-01
2.827148e-01
2.426758e-01
1.630859e-01
1.230469e-01
4.296875e-02
2.929688e-03
-7.714844e-02
-1.171875e-01
-1.972656e-01
-2.368164e-01
-3.168945e-01
-3.564453e-01
-4.360352e-01
-4.755859e-01
-5.546875e-01
-5.937500e-01
-6.728516e-01
-7.119141e-01
-7.900391e-01
-8.286133e-01
-9.062500e-01
-9.443359e-01
-1.021484e+00
-1.059082e+00
-1.135742e+00
-1.172363e+00
-1.248047e+00
-1.284180e+00
-1.358887e+00
-1.394531e+00
-1.468750e+00
-1.503418e+00
-1.576660e+00
-1.610352e+00
-1.682617e+00
-1.715332e+00
-1.786133e+00
-1.818359e+00
-1.887695e+00
-1.918945e+00
-1.987305e+00
-2.017090e+00
-2.084473e+00
-2.113281e+00
-2.179199e+00
-2.207031e+00
-2.270996e+00
-2.297363e+00
-2.360352e+00
-2.385742e+00
-2.446777e+00
-2.471191e+00
-2.530273e+00
-2.553223e+00
-2.611328e+00
-2.632813e+00
-2.688965e+00
-2.709473e+00
-2.763672e+00
-2.782227e+00
-2.835449e+00
-2.852539e+00
-2.903320e+00
-2.918945e+00
-2.968262e+00
-2.982910e+00
-3.029297e+00
-3.041992e+00
-3.087402e+00
-3.098633e+00
-3.141602e+00
-3.151367e+00
-3.191895e+00
-3.200195e+00
-3.239258e+00
-3.246094e+00
-3.282715e+00
-3.288086e+00
-3.322266e+00
-3.326172e+00
-3.358887e+00
-3.360840e+00
-3.390625e+00
-3.391113e+00
0.000000e+00
-3.419434e+00
-3.446289e+00
-3.444336e+00
-3.468750e+00
-3.464844e+00
-3.486816e+00
-3.481445e+00
-3.501953e+00
-3.495117e+00
-3.512695e+00
-3.504395e+00
-3.520020e+00
-3.510254e+00
-3.523926e+00
-3.512695e+00
-3.523438e+00
-3.510742e+00
-3.520020e+00
-3.505371e+00
-3.512207e+00
-3.496582e+00
-3.500977e+00
-3.483887e+00
-3.486328e+00
-3.467773e+00
-3.468750e+00
-3.448242e+00
-3.446777e+00
-3.425293e+00
-3.421387e+00
-3.398438e+00
-3.393555e+00
-3.369141e+00
-3.361328e+00
-3.335938e+00
-3.326660e+00
-3.300293e+00
-3.288574e+00
-3.260742e+00
-3.247559e+00
-3.218750e+00
-3.203613e+00
-3.173828e+00
-3.156738e+00
-3.125488e+00
-3.106934e+00
-3.074707e+00
-3.054688e+00
-3.021973e+00
-2.999512e+00
-2.965820e+00
-2.941895e+00
-2.907227e+00
-2.881836e+00
-2.846191e+00
-2.819824e+00
-2.783691e+00
-2.755371e+00
-2.718750e+00
-2.689453e+00
-2.651855e+00
-2.621094e+00
-2.583008e+00
-2.550781e+00
-2.512207e+00
-2.479004e+00
-2.439941e+00
-2.405273e+00
-2.366211e+00
-2.330566e+00
-2.291016e+00
-2.254395e+00
-2.214844e+00
-2.176758e+00
-2.137207e+00
-2.098145e+00
-2.058105e+00
-2.018555e+00
-1.978516e+00
-1.938477e+00
-1.897949e+00
-1.858398e+00
-1.817383e+00
-1.777344e+00
-1.735840e+00
-1.696289e+00
-1.653809e+00
-1.614746e+00
-1.571289e+00
-1.532227e+00
-1.489258e+00
-1.450684e+00
-1.406738e+00
-1.368652e+00
-1.324707e+00
-1.287109e+00
-1.242676e+00
-1.205566e+00
-1.161133e+00
-1.124512e+00
-1.080078e+00
-1.043945e+00
-9.995117e-01
-9.643555e-01
-9.199219e-01
-8.857422e-01
-8.408203e-01
-8.076172e-01
-7.631836e-01
-7.309570e-01
-6.860352e-01
-6.542969e-01
-6.108398e-01
-5.800781e-01
-5.361328e-01
-5.068359e-01
-4.633789e-01
-4.345703e-01
-3.911133e-01
-3.642578e-01
-3.217773e-01
-2.958984e-01
-2.529297e-01
-2.285156e-01
-1.870117e-01
-1.635742e-01
-1.220703e-01
-9.960938e-02
-5.957031e-02
-3.857422e-02
9.765625e-04
2.050781e-02
6.005859e-02
7.812500e-02
1.162109e-01
1.333008e-01
1.704102e-01
1.855469e-01
2.226563e-01
2.363281e-01
2.724609e-01
2.846680e-01
3.193359e-01
3.300781e-01
3.642578e-01
3.735352e-01
0.000000e+00
0.000000e+00
-1.506348e+00
-1.546387e+00
4.790039e-01
4.838867e-01
5.146484e-01
5.185547e-01
5.483398e-01
5.502930e-01
5.795898e-01
5.800781e-01
6.083984e-01
6.069336e-01
6.337891e-01
6.313477e-01
6.572266e-01
6.528320e-01
6.777344e-01
6.713867e-01
6.953125e-01
6.879883e-01
7.109375e-01
7.016602e-01
7.231445e-01
7.124023e-01
7.333984e-01
7.211914e-01
7.407227e-01
7.270508e-01
7.451172e-01
7.299805e-01
7.480469e-01
7.309570e-01
7.475586e-01
7.294922e-01
7.451172e-01
7.255859e-01
7.402344e-01
7.192383e-01
7.329102e-01
7.104492e-01
7.231445e-01
6.997070e-01
7.109375e-01
6.865234e-01
6.967773e-01
6.708984e-01
6.806641e-01
6.538086e-01
6.625977e-01
6.337891e-01
6.420898e-01
6.127930e-01
6.201172e-01
5.893555e-01
5.961914e-01
5.644531e-01
5.703125e-01
5.380859e-01
5.429688e-01
5.097656e-01
5.141602e-01
4.799805e-01
4.838867e-01
4.487305e-01
4.526367e-01
4.165039e-01
4.194336e-01
3.828125e-01
3.852539e-01
3.481445e-01
3.500977e-01
3.125000e-01
3.139648e-01
2.758789e-01
2.768555e-01
2.382813e-01
2.392578e-01
2.001953e-01
2.006836e-01
1.616211e-01
1.616211e-01
1.220703e-01
1.225586e-01
8.251953e-02
8.251953e-02
4.296875e-02
4.296875e-02
2.929688e-03
2.929688e-03
-3.710938e-02
-3.710938e-02
-7.714844e-02
-7.666016e-02
-1.166992e-01
-1.166992e-01
-1.562500e-01
-1.557617e-01
-1.953125e-01
-1.943359e-01
-2.333984e-01
-2.329102e-01
-2.714844e-01
-2.705078e-01
-3.085938e-01
-3.071289e-01
-3.447266e-01
-3.432617e-01
-3.803711e-01
-3.774414e-01
-4.140625e-01
-4.111328e-01
-4.467773e-01
-4.438477e-01
-4.790039e-01
-4.750977e-01
-5.097656e-01
-5.048828e-01
-5.385742e-01
-5.332031e-01
-5.659180e-01
-5.600586e-01
-5.913086e-01
-5.849609e-01
-6.157227e-01
-6.079102e-01
-6.376953e-01
-6.293945e-01
-6.582031e-01
-6.494141e-01
-6.767578e-01
-6.665039e-01
-6.928711e-01
-6.821289e-01
-7.070313e-01
-6.953125e-01
-7.187500e-01
-7.065430e-01
-7.290039e-01
-7.153320e-01
-7.363281e-01
-7.221680e-01
-7.416992e-01
-7.260742e-01
-7.446289e-01
-7.275391e-01
-7.446289e-01
-7.270508e-01
-7.426758e-01
-7.241211e-01
-7.377930e-01
-7.182617e-01
-7.309570e-01
-7.099609e-01
-7.207031e-01
-6.987305e-01
-7.080078e-01
-6.855469e-01
-6.933594e-01
-6.694336e-01
-6.752930e-01
-6.503906e-01
-6.547852e-01
-6.293945e-01
-6.323242e-01
-6.054688e-01
-6.064453e-01
-5.781250e-01
-5.766602e-01
-5.468750e-01
-5.439453e-01
-5.131836e-01
-5.087891e-01
-4.765625e-01
-4.707031e-01
-4.379883e-01
-4.301758e-01
-3.959961e-01
-3.867188e-01
-3.525391e-01
-3.417969e-01
-3.061523e-01
-2.934570e-01
-2.573242e-01
-2.436523e-01
-2.060547e-01
-1.904297e-01
-1.523438e-01
-1.352539e-01
-9.667969e-02
-7.812500e-02
-3.857422e-02
-1.904297e-02
2.148438e-02
4.248047e-02
8.349609e-02
1.059570e-01
1.479492e-01
1.713867e-01
2.138672e-01
2.387695e-01
2.812500e-01
3.076172e-01
3.510742e-01
3.784180e-01
4.218750e-01
4.506836e-01
4.946289e-01
5.244141e-01
5.688477e-01
5.996094e-01
6.445313e-01
6.757813e-01
7.211914e-01
7.539063e-01
7.988281e-01
8.325195e-01
8.774414e-01
9.121094e-01
9.575195e-01
9.926758e-01
1.038086e+00
1.073730e+00
1.119141e+00
1.155762e+00
1.200684e+00
1.237793e+00
1.282715e+00
1.320313e+00
1.365234e+00
1.403320e+00
1.448242e+00
1.486816e+00
1.530762e+00
1.569824e+00
1.613281e+00
1.652832e+00
1.696289e+00
1.735840e+00
1.777832e+00
1.817871e+00
1.859375e+00
1.899414e+00
1.940918e+00
1.980957e+00
2.021484e+00
2.061523e+00
2.101074e+00
2.140625e+00
2.179199e+00
2.219238e+00
2.256836e+00
2.296387e+00
2.333496e+00
2.372559e+00
2.408203e+00
2.447266e+00
2.481445e+00
2.520020e+00
2.553711e+00
2.591797e+00
2.623535e+00
2.661133e+00
2.691895e+00
2.729004e+00
2.758301e+00
2.794922e+00
2.822754e+00
2.858887e+00
2.884766e+00
2.919922e+00
2.944824e+00
2.979004e+00
3.002441e+00
3.035645e+00
3.057617e+00
3.089844e+00
3.109863e+00
3.141602e+00
3.159180e+00
3.189941e+00
3.206543e+00
3.235840e+00
3.250000e+00
3.278809e+00
3.291504e+00
3.318359e+00
3.329590e+00
3.355469e+00
3.364258e+00
3.388672e+00
3.395996e+00
3.419434e+00
3.424316e+00
3.446777e+00
3.449219e+00
3.470215e+00
3.470703e+00
3.490234e+00
3.489258e+00
3.507324e+00
3.503418e+00
3.520508e+00
3.514648e+00
3.529785e+00
3.521973e+00
3.535645e+00
3.525879e+00
3.538086e+00
3.525879e+00
3.536621e+00
3.521973e+00
3.531250e+00
3.515137e+00
3.522461e+00
3.503418e+00
3.509766e+00
3.488770e+00
3.493164e+00
3.470215e+00
3.472656e+00
3.447754e+00
3.449219e+00
3.421875e+00
3.421387e+00
3.391113e+00
3.389160e+00
3.357910e+00
3.354004e+00
3.320313e+00
3.315430e+00
3.278809e+00
3.271973e+00
3.233887e+00
3.225586e+00
3.185547e+00
3.175781e+00
3.133301e+00
3.122070e+00
3.077637e+00
3.064453e+00
3.018555e+00
3.003906e+00
2.955566e+00
2.939941e+00
2.889648e+00
2.872559e+00
2.820313e+00
2.801270e+00
2.747559e+00
2.727539e+00
2.671875e+00
2.650391e+00
2.592773e+00
2.569824e+00
2.511230e+00
2.486816e+00
2.426270e+00
2.400391e+00
2.338379e+00
2.311523e+00
2.248047e+00
2.220215e+00
2.154785e+00
2.125977e+00
2.059570e+00
2.029297e+00
1.960938e+00
1.930176e+00
1.860840e+00
1.828613e+00
1.758301e+00
1.725098e+00
1.653809e+00
1.619629e+00
1.546875e+00
1.512207e+00
1.438477e+00
1.403320e+00
1.328613e+00
1.292480e+00
1.216797e+00
1.180176e+00
1.103516e+00
1.065918e+00
9.892578e-01
9.511719e-01
8.735352e-01
8.349609e-01
7.568359e-01
7.182617e-01
6.396484e-01
6.000977e-01
5.209961e-01
4.814453e-01
4.018555e-01
3.623047e-01
2.827148e-01
2.426758e-01
1.630859e-01
1.230469e-01
4.296875e-02
2.929688e-03
-7.714844e-02
-1.171875e-01
-1.972656e-01
-2.368164e-01
-3.168945e-01
-3.564453e-01
-4.360352e-01
-4.755859e-01
-5.546875e-01
-5.937500e-01
-6.728516e-01
-7.119141e-01
-7.900391e-01
-8.286133e-01
-9.062500e-01
-9.443359e-01
-1.021484e+00
-1.059082e+00
-1.135742e+00
-1.172363e+00
-1.248047e+00
-1.284180e+00
-1.358887e+00
-1.394531e+00
-1.468750e+00
-1.503418e+00
-1.576660e+00
-1.610352e+00
-1.682617e+00
-1.715332e+00
-1.786133e+00
-1.818359e+00
-1.887695e+00
-1.918945e+00
-1.987305e+00
-2.017090e+00
-2.084473e+00
-2.113281e+00
-2.179199e+00
-2.207031e+00
-2.270996e+00
-2.297363e+00
-2.360352e+00
-2.385742e+00
-2.446777e+00
-2.471191e+00
-2.530273e+00
-2.553223e+00
-2.611328e+00
-2.632813e+00
-2.688965e+00
-2.709473e+00
-2.763672e+00
-2.782227e+00
-2.835449e+00
-2.852539e+00
-2.903320e+00
-2.918945e+00
-2.968262e+00
-2.982910e+00
-3.029297e+00
-3.041992e+00
-3.087402e+00
-3.098633e+00
-3.141602e+00
-3.151367e+00
-3.191895e+00
-3.200195e+00
-3.239258e+00
-3.246094e+00
-3.282715e+00
-3.288086e+00
-3.322266e+00
-3.326172e+00
-3.358887e+00
-3.360840e+00
-3.390625e+00
-3.391113e+00
0.000000e+00
-3.419434e+00
-3.446289e+00
-3.444336e+00
-3.468750e+00
-3.464844e+00
-3.486816e+00
-3.481445e+00
-3.501953e+00
-3.495117e+00
-3.512695e+00
-3.504395e+00
-3.520020e+00
-3.510254e+00
-3.523926e+00
-3.512695e+00
-3.523438e+00
-3.510742e+00
-3.520020e+00
-3.505371e+00
-3.512207e+00
-3.496582e+00
-3.500977e+00
-3.483887e+00
-3.486328e+00
-3.467773e+00
-3.468750e+00
-3.448242e+00
-3.446777e+00
-3.425293e+00
-3.421387e+00
-3.398438e+00
-3.393555e+00
-3.369141e+00
-3.361328e+00
-3.335938e+00
-3.326660e+00
-3.300293e+00
-3.288574e+00
-3.260742e+00
-3.247559e+00
-3.218750e+00
-3.203613e+00
-3.173828e+00
-3.156738e+00
-3.125488e+00
-3.106934e+00
-3.074707e+00
-3.054688e+00
-3.021973e+00
-2.999512e+00
-2.965820e+00
-2.941895e+00
-2.907227e+00
-2.881836e+00
-2.846191e+00
-2.819824e+00
-2.783691e+00
-2.755371e+00
-2.718750e+00
-2.689453e+00
-2.651855e+00
-2.621094e+00
-2.583008e+00
-2.550781e+00
-2.512207e+00
-2.479004e+00
-2.439941e+00
-2.405273e+00
-2.366211e+00
-2.330566e+00
-2.291016e+00
-2.254395e+00
-2.214844e+00
-2.176758e+00
-2.137207e+00
-2.098145e+00
-2.058105e+00
-2.018555e+00
-1.978516e+00
-1.938477e+00
-1.897949e+00
-1.858398e+00
-1.817383e+00
-1.777344e+00
-1.735840e+00
-1.696289e+00
-1.653809e+00
-1.614746e+00
-1.571289e+00
-1.532227e+00
-1.489258e+00
-1.450684e+00
-1.406738e+00
-1.368652e+00
-1.324707e+00
-1.287109e+00
-1.242676e+00
-1.205566e+00
-1.161133e+00
-1.124512e+00
-1.080078e+00
-1.043945e+00
-9.995117e-01
-9.643555e-01
-9.199219e-01
-8.857422e-01
-8.408203e-01
-8.076172e-01
-7.631836e-01
-7.309570e-01
-6.860352e-01
-6.542969e-01
-6.108398e-01
-5.800781e-01
-5.361328e-01
-5.068359e-01
-4.633789e-01
-4.345703e-01
-3.911133e-01
-3.642578e-01
-3.217773e-01
-2.958984e-01
-2.529297e-01
-2.285156e-01
-1.870117e-01
-1.635742e-01
-1.220703e-01
-9.960938e-02
-5.957031e-02
-3.857422e-02
9.765625e-04
2.050781e-02
6.005859e-02
7.812500e-02
1.162109e-01
1.333008e-01
1.704102e-01
1.855469e-01
2.226563e-01
2.363281e-01
2.724609e-01
2.846680e-01
3.193359e-01
3.300781e-01
3.642578e-01
3.735352e-01
0.000000e+00
0.000000e+00
-1.506348e+00
-1.546387e+00
4.790039e-01
4.838867e-01
5.146484e-01
5.185547e-01
5.483398e-01
5.502930e-01
5.795898e-01
5.800781e-01
6.083984e-01
6.069336e-01
6.337891e-01
6.313477e-01
6.572266e-01
6.528320e-01
6.777344e-01
6.713867e-01
6.953125e-01
6.879883e-01
7.109375e-01
7.016602e-01
7.231445e-01
7.124023e-01
7.333984e-01
7.211914e-01
7.407227e-01
7.270508e-01
7.451172e-01
7.299805e-01
7.480469e-01
7.309570e-01
7.475586e-01
7.294922e-01
7.451172e-01
7.255859e-01
7.402344e-01
7.192383e-01
7.329102e-01
7.104492e-01
7.231445e-01
6.997070e-01
7.109375e-01
6.865234e-01
6.967773e-01
6.708984e-01
6.806641e-01
6.538086e-01
6.625977e-01
6.337891e-01
6.420898e-01
6.127930e-01
6.201172e-01
5.893555e-01
5.961914e-01
5.644531e-01
5.703125e-01
5.380859e-01
5.429688e-01
5.097656e-01
5.141602e-01
4.799805e-01
4.838867e-01
4.487305e-01
4.526367e-01
4.165039e-01
4.194336e-01
3.828125e-01
3.852539e-01
3.481445e-01
3.500977e-01
3.125000e-01
3.139648e-01
2.758789e-01
2.768555e-01
2.382813e-01
2.392578e-01
2.001953e-01
2.006836e-01
1.616211e-01
1.616211e-01
1.220703e-01
1.225586e-01
8.251953e-02
8.251953e-02
4.296875e-02
4.296875e-02
2.929688e-03
2.929688e-03
-3.710938e-02
-3.710938e-02
-7.714844e-02
-7.666016e-02
-1.166992e-01
-1.166992e-01
-1.562500e-01
-1.557617e-01
-1.953125e-01
-1.943359e-01
-2.333984e-01
-2.329102e-01
-2.714844e-01
-2.705078e-01
-3.085938e-01
-3.071289e-01
-3.447266e-01
-3.432617e-01
-3.803711e-01
-3.774414e-01
-4.140625e-01
-4.111328e-01
-4.467773e-01
-4.438477e-01
-4.790039e-01
-4.750977e-01
-5.097656e-01
-5.048828e-01
-5.385742e-01
-5.332031e-01
-5.659180e-01
-5.600586e-01
-5.913086e-01
-5.849609e-01
-6.157227e-01
-6.079102e-01
-6.376953e-01
-6.293945e-01
-6.582031e-01
-6.494141e-01
-6.767578e-01
-6.665039e-01
-6.928711e-01
-6.821289e-01
-7.070313e-01
-6.953125e-01
-7.187500e-01
-7.065430e-01
-7.290039e-01
-7.153320e-01
-7.363281e-01
-7.221680e-01
-7.416992e-01
-7.260742e-01
-7.446289e-01
-7.275391e-01
-7.446289e-01
-7.270508e-01
-7.426758e-01
-7.241211e-01
-7.377930e-01
-7.182617e-01
-7.309570e-01
-7.099609e-01
-7.207031e-01
-6.987305e-01
-7.080078e-01
-6.855469e-01
-6.933594e-01
-6.694336e-01
-6.752930e-01
-6.503906e-01
-6.547852e-01
-6.293945e-01
-6.323242e-01
-6.054688e-01
-6.064453e-01
-5.781250e-01
-5.766602e-01
-5.468750e-01
-5.439453e-01
-5.131836e-01
-5.087891e-01
-4.765625e-01
-4.707031e-01
-4.379883e-01
-4.301758e-01
-3.959961e-01
-3.867188e-01
-3.525391e-01
-3.417969e-01
-3.061523e-01
-2.934570e-01
-2.573242e-01
-2.436523e-01
-2.060547e-01
-1.904297e-01
-1.523438e-01
-1.352539e-01
-9.667969e-02
-7.812500e-02
-3.857422e-02
-1.904297e-02
2.148438e-02
4.248047e-02
8.349609e-02
1.059570e-01
1.479492e-01
1.713867e-01
2.138672e-01
2.387695e-01
2.812500e-01
3.076172e-01
3.510742e-01
3.784180e-01
4.218750e-01
4.506836e-01
4.946289e-01
5.244141e-01
5.688477e-01
5.996094e-01
6.445313e-01
6.757813e-01
7.211914e-01
7.539063e-01
7.988281e-01
8.325195e-01
8.774414e-01
9.121094e-01
9.575195e-01
9.926758e-01
1.038086e+00
1.073730e+00
1.119141e+00
1.155762e+00
1.200684e+00
1.237793e+00
1.282715e+00
1.320313e+00
1.365234e+00
1.403320e+00
1.448242e+00
1.486816e+00
1.530762e+00
1.569824e+00
1.613281e+00
1.652832e+00
1.696289e+00
1.735840e+00
1.777832e+00
1.817871e+00
1.859375e+00
1.899414e+00
1.940918e+00
1.980957e+00
2.021484e+00
2.061523e+00
2.101074e+00
2.140625e+00
2.179199e+00
2.219238e+00
2.256836e+00
2.296387e+00
2.333496e+00
2.372559e+00
2.408203e+00
2.447266e+00
2.481445e+00
2.520020e+00
2.553711e+00
2.591797e+00
2.623535e+00
2.661133e+00
2.691895e+00
2.729004e+00
2.758301e+00
2.794922e+00
2.822754e+00
2.858887e+00
2.884766e+00
2.919922e+00
2.944824e+00
2.979004e+00
3.002441e+00
3.035645e+00
3.057617e+00
3.089844e+00
3.109863e+00
3.141602e+00
3.159180e+00
3.189941e+00
3.206543e+00
3.235840e+00
3.250000e+00
3.278809e+00
3.291504e+00
3.318359e+00
3.329590e+00
3.355469e+00
3.364258e+00
3.388672e+00
3.395996e+00
3.419434e+00
3.424316e+00
3.446777e+00
3.449219e+00
3.470215e+00
3.470703e+00
3.490234e+00
3.489258e+00
3.507324e+00
3.503418e+00
3.520508e+00
3.514648e+00
3.529785e+00
3.521973e+00
3.535645e+00
3.525879e+00
3.538086e+00
3.525879e+00
3.536621e+00
3.521973e+00
3.531250e+00
3.515137e+00
3.522461e+00
3.503418e+00
3.509766e+00
3.488770e+00
3.493164e+00
3.470215e+00
3.472656e+00
3.447754e+00
3.449219e+00
3.421875e+00
3.421387e+00
3.391113e+00
3.389160e+00
3.357910e+00
3.354004e+00
3.320313e+00
3.315430e+00
3.278809e+00
3.271973e+00
3.233887e+00
3.225586e+00
3.185547e+00
3.175781e+00
3.133301e+00
3.122070e+00
3.077637e+00
3.064453e+00
3.018555e+00
3.003906e+00
2.955566e+00
2.939941e+00
2.889648e+00
2.872559e+00
2.820313e+00
2.801270e+00
2.747559e+00
2.727539e+00
2.671875e+00
2.650391e+00
2.592773e+00
2.569824e+00
2.511230e+00
2.486816e+00
2.426270e+00
2.400391e+00
2.338379e+00
2.311523e+00
2.248047e+00
2.220215e+00
2.154785e+00
2.125977e+00
2.059570e+00
2.029297e+00
1.960938e+00
1.930176e+00
1.860840e+00
1.828613e+00
1.758301e+00
1.725098e+00
1.653809e+00
1.619629e+00
1.546875e+00
1.512207e+00
1.438477e+00
1.403320e+00
1.328613e+00
1.292480e+00
1.216797e+00
1.180176e+00
1.103516e+00
1.065918e+00
9.892578e-01
9.511719e-01
8.735352e-01
8.349609e-01
7.568359e-01
7.182617e-01
6.396484e-01
6.000977e-01
5.209961e-01
4.814453e-01
4.018555e-01
3.623047e-01
2.827148e-01
2.426758e-01
1.630859e-01
1.230469e-01
4.296875e-02
2.929688e-03
-7.714844e-02
-1.171875e-01
-1.972656e-01
-2.368164e-01
-3.168945e-01
-3.564453e-01
-4.360352e-01
-4.755859e-01
-5.546875e-01
-5.937500e-01
-6.728516e-01
-7.119141e-01
-7.900391e-01
-8.286133e-01
-9.062500e-01
-9.443359e-01
-1.021484e+00
-1.059082e+00
-1.135742e+00
-1.172363e+00
-1.248047e+00
-1.284180e+00
-1.358887e+00
-1.394531e+00
-1.468750e+00
-1.503418e+00
-1.576660e+00
-1.610352e+00
-1.682617e+00
-1.715332e+00
-1.786133e+00
-1.818359e+00
-1.887695e+00
-1.918945e+00
-1.987305e+00
-2.017090e+00
-2.084473e+00
-2.113281e+00
-2.179199e+00
-2.207031e+00
-2.270996e+00
-2.297363e+00
-2.360352e+00
-2.385742e+00
-2.446777e+00
-2.471191e+00
-2.530273e+00
-2.553223e+00
-2.611328e+00
-2.632813e+00
-2.688965e+00
-2.709473e+00
-2.763672e+00
-2.782227e+00
-2.835449e+00
-2.852539e+00
-2.903320e+00
-2.918945e+00
-2.968262e+00
-2.982910e+00
-3.029297e+00
-3.041992e+00
-3.087402e+00
-3.098633e+00
-3.141602e+00
-3.151367e+00
-3.191895e+00
-3.200195e+00
-3.239258e+00
-3.246094e+00
-3.282715e+00
-3.288086e+00
-3.322266e+00
-3.326172e+00
-3.358887e+00
-3.360840e+00
-3.390625e+00
-3.391113e+00
0.000000e+00
-3.419434e+00
-3.446289e+00
-3.444336e+00
-3.468750e+00
-3.464844e+00
-3.486816e+00
-3.481445e+00
-3.501953e+00
-3.495117e+00
-3.512695e+00
-3.504395e+00
-3.520020e+00
-3.510254e+00
-3.523926e+00
-3.512695e+00
-3.523438e+00
-3.510742e+00
-3.520020e+00
-3.505371e+00
-3.512207e+00
-3.496582e+00
-3.500977e+00
-3.483887e+00
-3.486328e+00
-3.467773e+00
-3.468750e+00
-3.448242e+00
-3.446777e+00
-3.425293e+00
-3.421387e+00
-3.398438e+00
-3.393555e+00
-3.369141e+00
-3.361328e+00
-3.335938e+00
-3.326660e+00
-3.300293e+00
-3.288574e+00
-3.260742e+00
-3.247559e+00
-3.218750e+00
-3.203613e+00
-3.173828e+00
-3.156738e+00
-3.125488e+00
-3.106934e+00
-3.074707e+00
-3.054688e+00
-3.021973e+00
-2.999512e+00
-2.965820e+00
-2.941895e+00
-2.907227e+00
-2.881836e+00
-2.846191e+00
-2.819824e+00
-2.783691e+00
-2.755371e+00
-2.718750e+00
-2.689453e+00
-2.651855e+00
-2.621094e+00
-2.583008e+00
-2.550781e+00
-2.512207e+00
-2.479004e+00
-2.439941e+00
-2.405273e+00
-2.366211e+00
-2.330566e+00
-2.291016e+00
-2.254395e+00
-2.214844e+00
-2.176758e+00
-2.137207e+00
-2.098145e+00
-2.058105e+00
-2.018555e+00
-1.978516e+00
-1.938477e+00
-1.897949e+00
-1.858398e+00
-1.817383e+00
-1.777344e+00
-1.735840e+00
-1.696289e+00
-1.653809e+00
-1.614746e+00
-1.571289e+00
-1.532227e+00
-1.489258e+00
-1.450684e+00
-1.406738e+00
-1.368652e+00
-1.324707e+00
-1.287109e+00
-1.242676e+00
-1.205566e+00
-1.161133e+00
-1.124512e+00
-1.080078e+00
-1.043945e+00
-9.995117e-01
-9.643555e-01
-9.199219e-01
-8.857422e-01
-8.408203e-01
-8.076172e-01
-7.631836e-01
-7.309570e-01
-6.860352e-01
-6.542969e-01
-6.108398e-01
-5.800781e-01
-5.361328e-01
-5.068359e-01
-4.633789e-01
-4.345703e-01
-3.911133e-01
-3.642578e-01
-3.217773e-01
-2.958984e-01
-2.529297e-01
-2.285156e-01
-1.870117e-01
-1.635742e-01
-1.220703e-01
-9.960938e-02
-5.957031e-02
-3.857422e-02
9.765625e-04
2.050781e-02
6.005859e-02
7.812500e-02
1.162109e-01
1.333008e-01
1.704102e-01
1.855469e-01
2.226563e-01
2.363281e-01
2.724609e-01
2.846680e-01
3.193359e-01
3.300781e-01
3.642578e-01
3.735352e-01
0.000000e+00
0.000000e+00
-1.506348e+00
-1.546387e+00
4.790039e-01
4.838867e-01
5.146484e-01
5.185547e-01
5.483398e-01
5.502930e-01
5.795898e-01
5.800781e-01
6.083984e-01
6.069336e-01
6.337891e-01
6.313477e-01
6.572266e-01
6.528320e-01
6.777344e-01
6.713867e-01
6.953125e-01
6.879883e-01
7.109375e-01
7.016602e-01
7.231445e-01
7.124023e-01
7.333984e-01
7.211914e-01
7.407227e-01
7.270508e-01
7.451172e-01
7.299805e-01
7.480469e-01
7.309570e-01
7.475586e-01
7.294922e-01
7.451172e-01
7.255859e-01
7.402344e-01
7.192383e-01
7.329102e-01
7.104492e-01
7.231445e-01
6.997070e-01
7.109375e-01
6.865234e-01
6.967773e-01
6.708984e-01
6.806641e-01
6.538086e-01
6.625977e-01
6.337891e-01
6.420898e-01
6.127930e-01
6.201172e-01
5.893555e-01
5.961914e-01
5.644531e-01
5.703125e-01
5.380859e-01
5.429688e-01
5.097656e-01
5.141602e-01
4.799805e-01
4.838867e-01
4.487305e-01
4.526367e-01
4.165039e-01
4.194336e-01
3.828125e-01
3.852539e-01
3.481445e-01
3.500977e-01
3.125000e-01
3.139648e-01
2.758789e-01
2.768555e-01
2.382813e-01
2.392578e-01
2.001953e-01
2.006836e-01
1.616211e-01
1.616211e-01
1.220703e-01
1.225586e-01
8.251953e-02
8.251953e-02
4.296875e-02
4.296875e-02
2.929688e-03
2.929688e-03
-3.710938e-02
-3.710938e-02
-7.714844e-02
-7.666016e-02
-1.166992e-01
-1.166992e-01
-1.562500e-01
-1.557617e-01
-1.953125e-01
-1.943359e-01
-2.333984e-01
-2.329102e-01
-2.714844e-01
-2.705078e-01
-3.085938e-01
-3.071289e-01
-3.447266e-01
-3.432617e-01
-3.803711e-01
-3.774414e-01
-4.140625e-01
-4.111328e-01
-4.467773e-01
-4.438477e-01
-4.790039e-01
-4.750977e-01
-5.097656e-01
-5.048828e-01
-5.385742e-01
-5.332031e-01
-5.659180e-01
-5.600586e-01
-5.913086e-01
-5.849609e-01
-6.157227e-01
-6.079102e-01
-6.376953e-01
-6.293945e-01
-6.582031e-01
-6.494141e-01
-6.767578e-01
-6.665039e-01
-6.928711e-01
-6.821289e-01
-7.070313e-01
-6.953125e-01
-7.187500e-01
-7.065430e-01
-7.290039e-01
-7.153320e-01
-7.363281e-01
-7.221680e-01
-7.416992e-01
-7.260742e-01
-7.446289e-01
-7.275391e-01
-7.446289e-01
-7.270508e-01
-7.426758e-01
-7.241211e-01
-7.377930e-01
-7.182617e-01
-7.309570e-01
-7.099609e-01
-7.207031e-01
-6.987305e-01
-7.080078e-01
-6.855469e-01
-6.933594e-01
-6.694336e-01
-6.752930e-01
-6.503906e-01
-6.547852e-01
-6.293945e-01
-6.323242e-01
-6.054688e-01
-6.064453e-01
-5.781250e-01
-5.766602e-01
-5.468750e-01
-5.439453e-01
-5.131836e-01
-5.087891e-01
-4.765625e-01
-4.707031e-01
-4.379883e-01
-4.301758e-01
-3.959961e-01
-3.867188e-01
-3.525391e-01
-3.417969e-01
-3.061523e-01
-2.934570e-01
-2.573242e-01
-2.436523e-01
-2.060547e-01
-1.904297e-01
-1.523438e-01
-1.352539e-01
-9.667969e-02
-7.812500e-02
-3.857422e-02
-1.904297e-02
2.148438e-02
4.248047e-02
8.349609e-02
1.059570e-01
1.479492e-01
1.713867e-01
2.138672e-01
2.387695e-01
2.812500e-01
3.076172e-01
3.510742e-01
3.784180e-01
4.218750e-01
4.506836e-01
4.946289e-01
5.244141e-01
5.688477e-01
5.996094e-01
6.445313e-01
6.757813e-01
7.211914e-01
7.539063e-01
7.988281e-01
8.325195e-01
8.774414e-01
9.121094e-01
9.575195e-01
9.926758e-01
1.038086e+00
1.073730e+00
1.119141e+00
1.155762e+00
1.200684e+00
1.237793e+00
1.282715e+00
1.320313e+00
1.365234e+00
1.403320e+00
1.448242e+00
1.486816e+00
1.530762e+00
1.569824e+00
1.613281e+00
1.652832e+00
1.696289e+00
1.735840e+00
1.777832e+00
1.817871e+00
1.859375e+00
1.899414e+00
1.940918e+00
1.980957e+00
2.021484e+00
2.061523e+00
2.101074e+00
2.140625e+00
2.179199e+00
2.219238e+00
2.256836e+00
2.296387e+00
2.333496e+00
2.372559e+00
2.408203e+00
2.447266e+00
2.481445e+00
2.520020e+00
2.553711e+00
2.591797e+00
2.623535e+00
2.661133e+00
2.691895e+00
2.729004e+00
2.758301e+00
2.794922e+00
2.822754e+00
2.858887e+00
2.884766e+00
2.919922e+00
2.944824e+00
2.979004e+00
3.002441e+00
3.035645e+00
3.057617e+00
3.089844e+00
3.109863e+00
3.141602e+00
3.159180e+00
3.189941e+00
3.206543e+00
3.235840e+00
3.250000e+00
3.278809e+00
3.291504e+00
3.318359e+00
3.329590e+00
3.355469e+00
3.364258e+00
3.388672e+00
3.395996e+00
3.419434e+00
3.424316e+00
3.446777e+00
3.449219e+00
3.470215e+00
3.470703e+00
3.490234e+00
3.489258e+00
3.507324e+00
3.503418e+00
3.520508e+00
3.514648e+00
3.529785e+00
3.521973e+00
3.535645e+00
3.525879e+00
3.538086e+00
3.525879e+00
3.536621e+00
3.521973e+00
3.531250e+00
3.515137e+00
3.522461e+00
3.503418e+00
3.509766e+00
3.488770e+00
3.493164e+00
3.470215e+00
3.472656e+00
3.447754e+00
3.449219e+00
3.421875e+00
3.421387e+00
3.391113e+00
3.389160e+00
3.357910e+00
3.354004e+00
3.320313e+00
3.315430e+00
3.278809e+00
3.271973e+00
3.233887e+00
3.225586e+00
3.185547e+00
3.175781e+00
3.133301e+00
3.122070e+00
3.077637e+00
3.064453e+00
3.018555e+00
3.003906e+00
2.955566e+00
2.939941e+00
2.889648e+00
2.872559e+00
2.820313e+00
2.801270e+00
2.747559e+00
2.727539e+00
2.671875e+00
2.650391e+00
2.592773e+00
2.569824e+00
2.511230e+00
2.486816e+00
2.426270e+00
2.400391e+00
2.338379e+00
2.311523e+00
2.248047e+00
2.220215e+00
2.154785e+00
2.125977e+00
2.059570e+00
2.029297e+00
1.960938e+00
1.930176e+00
1.860840e+00
1.828613e+00
1.758301e+00
1.725098e+00
1.653809e+00
1.619629e+00
1.546875e+00
1.512207e+00
1.438477e+00
1.403320e+00
1.328613e+00
1.292480e+00
1.216797e+00
1.180176e+00
1.103516e+00
1.065918e+00
9.892578e-01
9.511719e-01
8.735352e-01
8.349609e-01
7.568359e-01
7.182617e-01
6.396484e-01
6.000977e-01
5.209961e-01
4.814453e-01
4.018555e-01
3.623047e-01
2.827148e-01
2.426758e-01
1.630859e-01
1.230469e-01
4.296875e-02
2.929688e-03
-7.714844e-02
-1.171875e-01
-1.972656e-01
-2.368164e-01
-3.168945e-01
-3.564453e-01
-4.360352e-01
-4.755859e-01
-5.546875e-01
-5.937500e-01
-6.728516e-01
-7.119141e-01
-7.900391e-01
-8.286133e-01
-9.062500e-01
-9.443359e-01
-1.021484e+00
-1.059082e+00
-1.135742e+00
-1.172363e+00
-1.248047e+00
-1.284180e+00
-1.358887e+00
-1.394531e+00
-1.468750e+00
-1.503418e+00
-1.576660e+00
-1.610352e+00
-1.682617e+00
-1.715332e+00
-1.786133e+00
-1.818359e+00
-1.887695e+00
-1.918945e+00
-1.987305e+00
-2.017090e+00
-2.084473e+00
-2.113281e+00
-2.179199e+00
-2.207031e+00
-2.270996e+00
-2.297363e+00
-2.360352e+00
-2.385742e+00
-2.446777e+00
-2.471191e+00
-2.530273e+00
-2.553223e+00
-2.611328e+00
-2.632813e+00
-2.688965e+00
-2.709473e+00
-2.763672e+00
-2.782227e+00
-2.835449e+00
-2.852539e+00
-2.903320e+00
-2.918945e+00
-2.968262e+00
-2.982910e+00
-3.029297e+00
-3.041992e+00
-3.087402e+00
-3.098633e+00
-3.141602e+00
-3.151367e+00
-3.191895e+00
-3.200195e+00
-3.239258e+00
-3.246094e+00
-3.282715e+00
-3.288086e+00
-3.322266e+00
-3.326172e+00
-3.358887e+00
-3.360840e+00
-3.390625e+00
-3.391113e+00
0.000000e+00
-3.419434e+00
-3.446289e+00
-3.444336e+00
-3.468750e+00
-3.464844e+00
-3.486816e+00
-3.481445e+00
-3.501953e+00
-3.495117e+00
-3.512695e+00
-3.504395e+00
-3.520020e+00
-3.510254e+00
-3.523926e+00
-3.512695e+00
-3.523438e+00
-3.510742e+00
-3.520020e+00
-3.505371e+00
-3.512207e+00
-3.496582e+00
-3.500977e+00
-3.483887e+00
-3.486328e+00
-3.467773e+00
-3.468750e+00
-3.448242e+00
-3.446777e+00
-3.425293e+00
-3.421387e+00
-3.398438e+00
-3.393555e+00
-3.369141e+00
-3.361328e+00
