0.000000e+00
0.000000e+00
0.000000e+00
0.000000e+00
0.000000e+00
3.875000e+00
3.875000e+00
3.875000e+00
3.875000e+00
3.875000e+00
-2.500000e-01
-2.500000e-01
-2.500000e-01
0.000000e+00
-1.593750e+00
-2.062500e+00
4.687500e-01
4.687500e-01
4.687500e-01
4.687500e-01
4.687500e-01
6.875000e-01
6.875000e-01
6.875000e-01
6.875000e-01
6.875000e-01
6.875000e-01
6.875000e-01
6.875000e-01
6.875000e-01
6.875000e-01
6.875000e-01
6.875000e-01
9.062500e-01
7.812500e-01
7.812500e-01
7.812500e-01
7.812500e-01
7.812500e-01
7.812500e-01
7.812500e-01
7.812500e-01
7.812500e-01
7.812500e-01
7.812500e-01
7.812500e-01
1.000000e+00
7.500000e-01
7.500000e-01
7.500000e-01
7.500000e-01
7.500000e-01
7.500000e-01
7.500000e-01
7.500000e-01
7.500000e-01
7.500000e-01
7.500000e-01
9.687500e-01
6.250000e-01
6.250000e-01
6.250000e-01
6.250000e-01
6.250000e-01
6.250000e-01
6.250000e-01
6.250000e-01
6.250000e-01
6.250000e-01
6.250000e-01
6.250000e-01
8.750000e-01
4.687500e-01
4.687500e-01
4.687500e-01
4.687500e-01
4.687500e-01
4.687500e-01
4.687500e-01
4.687500e-01
4.687500e-01
4.687500e-01
4.687500e-01
6.875000e-01
2.187500e-01
2.187500e-01
2.187500e-01
2.187500e-01
2.187500e-01
2.187500e-01
2.187500e-01
2.187500e-01
2.187500e-01
2.187500e-01
2.187500e-01
2.187500e-01
4.687500e-01
0.000000e+00
0.000000e+00
0.000000e+00
0.000000e+00
0.000000e+00
0.000000e+00
0.000000e+00
0.000000e+00
0.000000e+00
0.000000e+00
0.000000e+00
2.187500e-01
-2.500000e-01
-2.500000e-01
-2.500000e-01
-2.500000e-01
-2.500000e-01
-2.500000e-01
-2.500000e-01
-2.500000e-01
-2.500000e-01
-2.500000e-01
-2.500000e-01
-2.500000e-01
0.000000e+00
-4.375000e-01
-4.375000e-01
-4.375000e-01
-4.375000e-01
-4.375000e-01
-4.375000e-01
-4.375000e-01
-4.375000e-01
-4.375000e-01
-4.375000e-01
-4.375000e-01
-2.187500e-01
-6.562500e-01
-6.562500e-01
-6.562500e-01
-6.562500e-01
-6.562500e-01
-6.562500e-01
-6.562500e-01
-6.562500e-01
-6.562500e-01
-6.562500e-01
-6.562500e-01
-6.562500e-01
-4.375000e-01
-7.500000e-01
-7.500000e-01
-7.500000e-01
-7.500000e-01
-7.500000e-01
-7.500000e-01
-7.500000e-01
-7.500000e-01
-7.500000e-01
-7.500000e-01
-7.500000e-01
-5.625000e-01
-7.187500e-01
-7.187500e-01
-7.187500e-01
-7.187500e-01
-7.187500e-01
-7.187500e-01
-7.187500e-01
-7.187500e-01
-7.187500e-01
-7.187500e-01
-7.187500e-01
-7.187500e-01
-5.312500e-01
-6.250000e-01
-5.937500e-01
-5.937500e-01
-5.937500e-01
-5.937500e-01
-5.937500e-01
-5.937500e-01
-5.937500e-01
-5.937500e-01
-5.937500e-01
-5.937500e-01
-3.750000e-01
-3.750000e-01
-3.750000e-01
-3.750000e-01
-3.750000e-01
-3.750000e-01
-3.750000e-01
-3.750000e-01
-3.750000e-01
-3.750000e-01
-3.750000e-01
-3.750000e-01
-3.750000e-01
-3.125000e-02
-3.125000e-02
-3.125000e-02
-3.125000e-02
-3.125000e-02
-3.125000e-02
-3.125000e-02
-3.125000e-02
-3.125000e-02
-3.125000e-02
-3.125000e-02
-3.125000e-02
3.750000e-01
3.750000e-01
3.750000e-01
3.750000e-01
3.750000e-01
3.750000e-01
3.750000e-01
3.750000e-01
3.750000e-01
3.750000e-01
3.750000e-01
3.750000e-01
3.750000e-01
8.750000e-01
8.750000e-01
8.750000e-01
8.750000e-01
8.750000e-01
8.750000e-01
8.750000e-01
8.750000e-01
8.750000e-01
8.750000e-01
8.750000e-01
8.750000e-01
1.343750e+00
1.343750e+00
1.343750e+00
1.343750e+00
1.343750e+00
1.343750e+00
1.343750e+00
1.343750e+00
1.343750e+00
1.343750e+00
1.343750e+00
1.343750e+00
1.343750e+00
1.812500e+00
1.812500e+00
1.812500e+00
1.812500e+00
1.812500e+00
1.812500e+00
1.812500e+00
1.812500e+00
1.812500e+00
1.812500e+00
1.812500e+00
1.812500e+00
2.281250e+00
2.281250e+00
2.281250e+00
2.281250e+00
2.281250e+00
2.281250e+00
2.281250e+00
2.281250e+00
2.281250e+00
2.281250e+00
2.281250e+00
2.281250e+00
2.281250e+00
2.687500e+00
2.687500e+00
2.687500e+00
2.687500e+00
2.687500e+00
2.687500e+00
2.687500e+00
2.687500e+00
2.687500e+00
2.687500e+00
2.687500e+00
2.687500e+00
3.031250e+00
3.031250e+00
3.031250e+00
3.031250e+00
3.031250e+00
3.031250e+00
3.031250e+00
3.031250e+00
3.031250e+00
3.031250e+00
3.031250e+00
3.031250e+00
3.031250e+00
3.281250e+00
3.281250e+00
3.281250e+00
3.281250e+00
3.281250e+00
3.281250e+00
3.281250e+00
3.281250e+00
3.281250e+00
3.281250e+00
3.281250e+00
3.281250e+00
3.406250e+00
3.406250e+00
3.406250e+00
3.406250e+00
3.406250e+00
3.406250e+00
3.406250e+00
3.406250e+00
3.406250e+00
3.406250e+00
3.406250e+00
3.406250e+00
3.406250e+00
3.343750e+00
3.343750e+00
3.343750e+00
3.343750e+00
3.343750e+00
3.343750e+00
3.343750e+00
3.343750e+00
3.343750e+00
3.343750e+00
3.343750e+00
3.343750e+00
3.156250e+00
3.156250e+00
3.156250e+00
3.156250e+00
3.156250e+00
3.156250e+00
3.156250e+00
3.156250e+00
3.156250e+00
3.156250e+00
3.156250e+00
3.156250e+00
3.156250e+00
2.843750e+00
2.843750e+00
2.843750e+00
2.843750e+00
2.843750e+00
2.843750e+00
2.843750e+00
2.843750e+00
2.843750e+00
2.843750e+00
2.843750e+00
2.843750e+00
2.375000e+00
2.375000e+00
2.375000e+00
2.375000e+00
2.375000e+00
2.375000e+00
2.375000e+00
2.375000e+00
2.375000e+00
2.375000e+00
2.375000e+00
2.375000e+00
2.375000e+00
1.812500e+00
1.812500e+00
1.812500e+00
1.812500e+00
1.812500e+00
1.812500e+00
1.812500e+00
1.812500e+00
1.812500e+00
1.812500e+00
1.812500e+00
1.812500e+00
1.156250e+00
1.156250e+00
1.156250e+00
1.156250e+00
1.156250e+00
1.156250e+00
1.156250e+00
1.156250e+00
1.156250e+00
1.156250e+00
1.156250e+00
1.156250e+00
1.156250e+00
4.687500e-01
4.687500e-01
4.687500e-01
4.687500e-01
4.687500e-01
4.687500e-01
4.687500e-01
4.687500e-01
4.687500e-01
4.687500e-01
4.687500e-01
4.687500e-01
-2.500000e-01
-2.500000e-01
-2.500000e-01
-2.500000e-01
-2.500000e-01
-2.500000e-01
-2.500000e-01
-2.500000e-01
-2.500000e-01
-2.500000e-01
-2.500000e-01
-2.500000e-01
-2.500000e-01
-9.375000e-01
-9.375000e-01
-9.375000e-01
-9.375000e-01
-9.375000e-01
-9.375000e-01
-9.375000e-01
-9.375000e-01
-9.375000e-01
-9.375000e-01
-9.375000e-01
-9.375000e-01
-1.625000e+00
-1.625000e+00
-1.625000e+00
-1.625000e+00
-1.625000e+00
-1.625000e+00
-1.625000e+00
-1.625000e+00
-1.625000e+00
-1.625000e+00
-1.625000e+00
-1.625000e+00
-1.625000e+00
-2.281250e+00
-2.281250e+00
-2.281250e+00
-2.281250e+00
-2.281250e+00
-2.281250e+00
-2.281250e+00
-2.281250e+00
-2.281250e+00
-2.281250e+00
-2.281250e+00
-2.281250e+00
-2.812500e+00
-2.812500e+00
-2.812500e+00
-2.812500e+00
-2.812500e+00
-2.812500e+00
-2.812500e+00
-2.812500e+00
-2.812500e+00
-2.812500e+00
-2.812500e+00
-2.812500e+00
-2.812500e+00
-3.187500e+00
-3.187500e+00
-3.187500e+00
-3.187500e+00
-3.187500e+00
-3.187500e+00
-3.187500e+00
-3.187500e+00
-3.187500e+00
-3.187500e+00
-3.187500e+00
-3.187500e+00
-3.500000e+00
-3.500000e+00
-3.500000e+00
-3.500000e+00
-3.500000e+00
-3.500000e+00
-3.500000e+00
-3.500000e+00
-3.500000e+00
-3.500000e+00
-3.500000e+00
-3.500000e+00
-3.500000e+00
-3.593750e+00
-3.593750e+00
-3.562500e+00
-3.562500e+00
-3.562500e+00
-3.562500e+00
-3.562500e+00
-3.562500e+00
-3.562500e+00
-3.562500e+00
-3.562500e+00
-3.562500e+00
-3.718750e+00
-3.531250e+00
-3.531250e+00
-3.531250e+00
-3.531250e+00
-3.531250e+00
-3.531250e+00
-3.531250e+00
-3.531250e+00
-3.531250e+00
-3.531250e+00
-3.531250e+00
-3.531250e+00
-3.625000e+00
-3.343750e+00
-3.343750e+00
-3.343750e+00
-3.343750e+00
-3.343750e+00
-3.343750e+00
-3.343750e+00
-3.343750e+00
-3.343750e+00
-3.343750e+00
-3.343750e+00
-3.406250e+00
-2.968750e+00
-2.968750e+00
-2.968750e+00
-2.968750e+00
-2.968750e+00
-2.968750e+00
-2.968750e+00
-2.968750e+00
-2.968750e+00
-2.968750e+00
-2.968750e+00
-2.968750e+00
-3.031250e+00
-2.593750e+00
-2.593750e+00
-2.593750e+00
-2.593750e+00
-2.593750e+00
-2.593750e+00
-2.593750e+00
-2.593750e+00
-2.593750e+00
-2.593750e+00
-2.593750e+00
-2.625000e+00
-2.156250e+00
-2.156250e+00
-2.156250e+00
-2.156250e+00
-2.156250e+00
-2.156250e+00
-2.156250e+00
-2.156250e+00
-2.156250e+00
-2.156250e+00
-2.156250e+00
-2.156250e+00
-2.125000e+00
-1.656250e+00
-1.656250e+00
-1.656250e+00
-1.656250e+00
-1.656250e+00
-1.656250e+00
-1.656250e+00
-1.656250e+00
-1.656250e+00
-1.656250e+00
-1.656250e+00
-1.656250e+00
-1.125000e+00
-1.125000e+00
-1.125000e+00
-1.125000e+00
-1.125000e+00
-1.125000e+00
-1.125000e+00
-1.125000e+00
-1.125000e+00
-1.125000e+00
-1.125000e+00
-1.125000e+00
-1.125000e+00
-6.562500e-01
-6.562500e-01
-6.562500e-01
-6.562500e-01
-6.562500e-01
-6.562500e-01
-6.562500e-01
-6.562500e-01
-6.562500e-01
-6.562500e-01
-6.562500e-01
-6.562500e-01
-1.875000e-01
-1.875000e-01
-1.875000e-01
-1.875000e-01
-1.875000e-01
-1.875000e-01
-1.875000e-01
-1.875000e-01
-1.875000e-01
-1.875000e-01
-1.875000e-01
-1.875000e-01
-1.875000e-01
2.187500e-01
2.187500e-01
2.187500e-01
2.187500e-01
2.187500e-01
2.187500e-01
2.187500e-01
2.187500e-01
2.187500e-01
2.187500e-01
2.187500e-01
2.187500e-01
4.687500e-01
4.687500e-01
4.687500e-01
4.687500e-01
4.687500e-01
4.687500e-01
4.687500e-01
4.687500e-01
4.687500e-01
4.687500e-01
4.687500e-01
4.687500e-01
4.687500e-01
6.875000e-01
6.875000e-01
6.875000e-01
6.875000e-01
6.875000e-01
6.875000e-01
6.875000e-01
6.875000e-01
6.875000e-01
6.875000e-01
6.875000e-01
6.875000e-01
7.812500e-01
7.812500e-01
7.812500e-01
7.812500e-01
7.812500e-01
7.812500e-01
7.812500e-01
7.812500e-01
7.812500e-01
7.812500e-01
7.812500e-01
7.812500e-01
7.812500e-01
7.500000e-01
7.500000e-01
7.500000e-01
7.500000e-01
7.500000e-01
7.500000e-01
7.500000e-01
7.500000e-01
7.500000e-01
7.500000e-01
7.500000e-01
7.500000e-01
6.250000e-01
6.250000e-01
6.250000e-01
6.250000e-01
6.250000e-01
6.250000e-01
6.250000e-01
6.250000e-01
6.250000e-01
6.250000e-01
6.250000e-01
6.250000e-01
6.250000e-01
4.687500e-01
4.687500e-01
4.687500e-01
4.687500e-01
4.687500e-01
4.687500e-01
4.687500e-01
4.687500e-01
4.687500e-01
4.687500e-01
4.687500e-01
4.687500e-01
2.187500e-01
2.187500e-01
2.187500e-01
2.187500e-01
2.187500e-01
2.187500e-01
2.187500e-01
2.187500e-01
2.187500e-01
2.187500e-01
2.187500e-01
2.187500e-01
2.187500e-01
0.000000e+00
0.000000e+00
0.000000e+00
0.000000e+00
0.000000e+00
0.000000e+00
0.000000e+00
0.000000e+00
0.000000e+00
0.000000e+00
0.000000e+00
0.000000e+00
-2.500000e-01
-2.500000e-01
-2.500000e-01
-2.500000e-01
-2.500000e-01
-2.500000e-01
-2.500000e-01
-2.500000e-01
-2.500000e-01
-2.500000e-01
-2.500000e-01
-2.500000e-01
-2.500000e-01
-4.375000e-01
-4.375000e-01
-4.375000e-01
-4.375000e-01
-4.375000e-01
-4.375000e-01
-4.375000e-01
-4.375000e-01
-4.375000e-01
-4.375000e-01
-4.375000e-01
-4.375000e-01
-6.562500e-01
-6.562500e-01
-6.562500e-01
-6.562500e-01
-6.562500e-01
-6.562500e-01
-6.562500e-01
-6.562500e-01
-6.562500e-01
-6.562500e-01
-6.562500e-01
-6.562500e-01
-6.562500e-01
-7.500000e-01
-7.500000e-01
-7.500000e-01
-7.500000e-01
-7.500000e-01
-7.500000e-01
-7.500000e-01
-7.500000e-01
-7.500000e-01
-7.500000e-01
-7.500000e-01
-7.500000e-01
-7.187500e-01
-7.187500e-01
-7.187500e-01
-7.187500e-01
-7.187500e-01
-7.187500e-01
-7.187500e-01
-7.187500e-01
-7.187500e-01
-7.187500e-01
-7.187500e-01
-7.187500e-01
-7.187500e-01
-6.250000e-01
-5.937500e-01
-5.937500e-01
-5.937500e-01
-5.937500e-01
-5.937500e-01
-5.937500e-01
-5.937500e-01
-5.937500e-01
-5.937500e-01
-5.937500e-01
-5.312500e-01
-3.750000e-01
-3.750000e-01
-3.750000e-01
-3.750000e-01
-1.593750e+00
-1.593750e+00
-1.593750e+00
-1.593750e+00
4.687500e-01
4.687500e-01
4.687500e-01
