11110011111100111010001001000010
11101111011011001100011001010101
00000011110101001101010101110111
00000100000101100010110111110100
00000100000111110010110000100001
00000100010111100111100000101100
00000100011001000011001011110101
00000100101000010110100111001111
00000100101000111101111011011001
00000100110111101111100011111101
00000100110111100010011101000111
00000101000101110001111001100110
00000101000100110000011001000111
00000101010010011101010101001100
00000101010000100111100001110000
00000101011101110001101110000100
00000101011011000111110011101111
00000101100111101111000101101110
00000101100100010001010101111010
00000101110000010101100111111101
00000101101100000100011001010111
00000101110111100101101010101111
00000101110010100001011001010101
00000101111101011111101110000100
00000101110111101000111011000100
00000110000010000100011100000010
00000101111011011011101101110010
00000110000101010100101000101000
00000101111101111010101010101001
00000110000111010001010001101001
00000101111111000110110100011011
00000110000111111011011110100010
00000101111111000001010111100101
00000110000111010100100000010011
00000101111101101011101010000000
00000110000101011101110001010100
00000101111011000111001010110100
00000110000010011000110101000110
00000101110111010101100010001110
00000101111110000111011000001011
00000101110010011000100001010111
00000101111000101011001111110111
00000101101100010010000010000000
00000101110010000110011010000001
00000101100101000100000110010011
00000101101010011010111100110100
00000101011100110000111000101011
00000101100001101011000110100001
00000101010011011010101011011011
00000101010111111001001101001010
00000101001001000011111000100011
00000101001101000111101110010110
00000100111101101111000001011011
00000101000001011001001110110111
00000100110001011110101110011100
00000100110100110000011010011110
00000100100100010101101110110101
00000100100111010000000011100011
00000100010110010110111000010001
00000100011000111011000010110000
00000100000111100101000110100010
00000100001001110100010110110000
00000011111000000011011011001111
00000011111001111111000011110010
00000011100111110100111101010111
00000011101001011110010011010111
00000011010110111100111001000010
00000011011000010101010011111100
00000011000101011110011111000101
00000011000110100111011000011111
00000010110011011101000100101000
00000010110100010111111000000111
00000010100000111100000010110110
00000010100001101010001101110001
00000010001101111110110110011011
00000010001110100001110111101101
00000001111010101000111111001111
00000001111011000010010111001111
00000001100110111101111111111110
00000001100111001111010000001111
00000001010011000001011101101010
00000001010011001100001000110001
00000000111110110110111111010111
00000000111110111100101000101011
00000000101010100010001101101010
00000000101010100100011001001010
00000000010110000110110010010001
00000000010110000111000100011000
00000000000001101000010111101110
00000000000001101000010101000100
11111111101101001010101000110101
11111111101101001011110110000000
11111111011000110001010000010011
11111111011000110101010001110000
11111111000100011111111000010110
11111111000100101000010010000111
11111110110000011010001010010000
11111110110000101000011111110101
11111110011100100011101110000000
11111110011100111001100010000001
11111110001001000000001001110010
11111110001001011110111101111011
11111101110101110011000001101010
11111101110110011100010110011011
11111101100010111111110111001000
11111101100011110101001011101001
11111101010000101010001000101110
11111101010001101100111010100000
11111100111110110101010001100111
11111101000000000110111100011110
11111100101101100100101001001111
11111100101111000110100110111111
11111100011100111011100010111000
11111100011110101111001011010001
11111100001100111101001101010111
11111100001111000011110101110001
11111011111101101100110010100101
11111100000000000111101101111011
11111011101111001101010111001101
11111011110001111101110101110000
11111011100001100001111010010101
11111011100100101001001001100001
11111011010100101101010101000110
11111011011000001100011111011010
11111011001000110010011010011001
11111011001100101010100111000111
11111010111101110011110110011110
11111011000010000110001001100111
11111010110011110100001110101100
11111010111000100001101000111000
11111010101010110110000001010000
11111010101111111111011111011110
11111010100010111011100100110001
11111010101000100010000000010011
11111010011100000111001000001001
11111010100010001011010110011101
11111010010110011010110010001101
11111010011100111101100100110001
11111010010001111000100001011111
11111010011000111010100101101101
11111010001110100010001011111111
11111010010110000100001011000110
11111010001100011001011110111110
11111010010100011011111101111010
11111010001011011111111110101101
11111010010100000011011110000001
11111010001011110111000110010100
11111010010100111100000010000101
11111010001101100000000111100100
11111010010111000110110111010101
11111010010000011100001010101110
11111010011010100101000001011011
11111010010100101100001110011011
11111010011111010111011010010001
11111010011010010001000111011101
11111010100101011110110010000000
11111010100001001011100000110001
11111010101100111011101110101101
11111010101001011011111011001111
11111010110101101110101100100000
11111010110011000010101101101111
11111010111111110111111101010111
11111010111110000000000100111000
11111011001011010111101001000101
11111011001010010100000011001011
11111011011000001101101101001110
XXXXXXXXXXXXXXXXXXXXXXXXXXXXXXXX
11111011100111000111100010000001
11111011101000001011000111111011
11111011110111100110010011011000
11111011111001011110001011110111
11111100001001011010001101100000
11111100001100000110001100010001
11111100011100100010011110110011
11111100100000000010010010010001
11111100110000111110001011100010
11111100110101010001011100110001
11111101000110101100001101110111
11111101001011110010100000101011
11111101011101101011010101111101
11111101100011100100001000111101
11111101110101111010001010000111
11111101111100100100110110101110
11111110001111010111000110110111
11111110010110110011000001011000
11111110101010000000011111000011
11111110110010001100110110110000
11111111000101110100011100000110
11111111001110110000011011010011
11111111100010110000111110000010
11111111101100011011101010001010
00000000000000110011111011110011
00000000001011001100010101100001
00000000011111111011000011011010
00000000101011000000000110101100
00000001000000000011111010000111
00000001001011110100011110010111
00000001100001001011111100101100
00000001101101100110110100110110
00000010000011010000011111101010
00000010010000010100011010010111
00000010100110001110101111100011
00000010110011111010010111001011
00000011001010000011110001001000
00000011011000010101101100000011
00000011101110101100100001110000
00000011111101100011010010011001
00000100010100000101110111100110
00000100100011011111111100100111
00000100111010001100100010000010
00000101001010001000010110011101
00000101100000111101001001111001
00000101110001011001000101010100
00000110001000010100010001110010
00000110011001001110101000100000
00000110110000001110010110011111
00000111000001100101011001101011
00000111011000100111101111010011
00000111101010011001101101001101
00001000000001011100101110010110
00001000010011100111110010011101
00001000101010101001100000111111
00001000111101001011110100001110
00001001010100001010010000001101
00001001100111000001111001000110
00001001111101111011000000111101
00001010010001000110000011111000
00001010100111110111110100100111
00001010111011010100010011111010
00001011010001111100101001010010
00001011100101101000100101100011
00001011111100000101011010010110
00001100001111111110110010100101
00001100100110001110000000101011
00001100111010010010110010100000
00001101010000010010010011010010
00001101100100100000011011001001
00001101111010001110000111100010
00001110001110100011100000111100
00001110100011111101010001101011
00001110111000010111110111011000
00001111001101011011100101010000
00001111100001111001010001011111
00001111110110100100110101100010
00010000001011000011100010001100
00010000011111010100110101111001
00010000110011110010011100110010
00010001000111100111011010010101
00010001011100000001110101010110
00010001101111011000010111110010
00010010000011101101100001001100
00010010010110100011100100101010
00010010101010110001010111001111
00010010111101000100111001001111
00010011010001001001010000100000
00010011100010111000010000000011
00010011110110110001001000100001
00010100000111111001100110010100
00010100011011100100111101101010
00010100101100000100111100011011
00010100111111100000110001101100
00010101001111010110010110010000
00010101100010100000101010000111
00010101110001101001111011101011
00010110000100100000110000100010
00010110010010111011111000110111
00010110100101011101010011001100
00010110110011001000011110110001
00010111000101010010100101001100
00010111010010001100000011011110
00010111100011111100111110111111
00010111110000000011000010100011
00011000000001011000111110110001
00011000001100101001111101100011
00011000011101100011001000110101
00011000100111111101011100001011
00011000111000011000000111110100
00011001000001111010001100110101
00011001010001110100101101010000
00011001011010011101000100110111
00011001101001110101110001110010
00011001110001100011000000111011
00011010000000011000010101100010
00011010000111001001000101010011
00011010010101011001100000011001
00011010011011001100011110001110
00011010101000110110100010010111
00011010101101101010100000001010
00011010111010101100110011111000
00011010111110100000101000001001
00011011001010111001110110000000
00011011001101101100011100000000
00011011011001011011010010110100
00011011011011001011101010101011
00011011100110001110111101100011
00011011100110111100001100011010
00011011110001010010110010111010
00011011110000111100000011000000
00011011111010100100111001010011
00011011111001001001011010000100
00011100000010000011100001000001
00011011111111100010100111001110
00011100000111101101000100011100
00011100000100000110001010010001
00011100001011100000001000010000
00011100000110110010101101010100
00011100001101011011011011100100
00011100000111100111000101000110
00011100001101011101111000000110
00011100000110100010010000111011
00011100001011100110100010010101
00011100000011100011011010111011
00011100000111110100101001100001
00011011111110101001111000001011
00011100000010000111100111111111
00011011110111110101001000101011
00011011111010011111000011000000
00011011101111000100110111100100
00011011110000111010101011000000
00011011100100011000111011000110
00011011100101011010011011100101
00011011010111110001010100101001
00011011010111111110011011011111
00011011001001001110010000111001
00011011001000100110111100101111
00011010111000110000000111101001
00011010110111010100011100100000
00011010100110010111011011111100
00011010100100000111100011001111
00011010010010000100111011111111
00011010001111000001000100011011
00011001111011111001100001001000
00011001111000000001111110110000
00011001100011110110001111101111
00011001011111001011011011111011
00011001001001111100010111010000
00011001000100011110110000100100
00011000101110001101010001111011
00011000100111111101011100001011
00011000010000101010100100110101
00011000001001101001001000111101
00010111110001010101111111101100
00010111101001100011101011101101
00010111010000010001011100101101
00010111000111101111000011101000
00010110101101011111000000011101
00010110100100001101011010001111
00010110001001000000111001101100
00010101111111000001000011000110
00010101100010111001100001000101
00010101011000001100011011101000
00010100111011001011011001000100
00010100101111110010001010111010
00010100010001111001001101101011
00010100000101110101000001011101
00010011100111000101110100001101
00010011011010010111111000111111
00010010111010110100001010111100
00010010101101011101110100000100
00010010001101000111011001000000
00010001111111001001111101111101
00010001011110000010101110000000
00010001001111011111101010010000
00010000101101101001100001101101
00010000011110100010010100100101
00001111111011111111010011110011
00001111101100010101100000010100
00001111001001000111101011100001
00001110111000111100111000010000
00001110010101000110010111010110
00001110000100011100001110010000
00001101011111111111001100101001
00001101001110110111011010110111
00001100101001110110000111010011
00001100011000010010011101000011
00001011110010101111001001011010
00001011100000110001011001101110
00001010111010101110011010110101
00001010101000011000011011011100
00001010000001111000001000110111
00001001101111001011110001111100
00001001001000010000100101110100
00001000110101001111110001111000
00001000001101111100001000100101
00000111111010101000110100001101
00000111010010111111001100010111
00000110111111011011010110000010
00000110010111011110010000000101
00000110000011101011110111111101
00000101011011011101110110000101
00000101000111011110111101110101
00000100011111000010100011101001
00000100001010111001001110001101
00000011100010010001000000100111
00000011001101111111010010000000
00000010100101001101110110111001
00000010010000110101110011111110
00000001100111111101110010000100
00000001010011100001100000010111
00000000101010100101011110111011
00000000010110000111000100011000
11111111101101001001101011000100
11111111011000101011001101110111
11111110101111101111000100011011
11111110011011010010101010101101
11111101110010011010011000110001
11111101011110000010001000100001
11111100110101010000010101011001
11111100100000111110010100001001
11111011111000010101100110100101
11111011100100001011111001001111
11111010111011101110110111001010
11111010100111101111100001110001
11111001111111100000110000001000
11111001101011101101110101101010
11111001000011101111111000001001
11111000110000001011011010010101
11111000001000100000110011001011
11110111110101001100110010010000
11110111001101111000000001111111
11110110111010110110011100100000
11110110010011111010000001110010
11110110000001001100110100011001
11110101011010101011001011110001
11110101001000010100010001000011
11110100100010001111110100101101
11110100010000010001000100111110
11110011101010101100001100100110
11110011011001000111011101101010
11110010110100000100011110001101
11110010100010111011100011001110
11110001111110011100101110101100
11110001101101110001010111111110
11110001001001111000111101010000
11110000111001101100111000000100
11110000010110011101000010101110
11110000000110110001111001001011
11101111100100001100110001001111
11101111010101000100001010000001
11101110110011001011110011111001
11101110100100100111010010001011
11101110000011011101101110010111
11101101110101011110110001101000
11101101010101000101111100100111
11101101000111101110000000100000
11101100101000000111110010100100
11101100011011011000001110101101
11101011111100100110011011110101
11101011110000100000100011101110
11101011010010100100111011010111
11101011000111001001111110001111
11101010101010000110001011001110
11101010011111010111010011111011
11101010000011001100111100010011
11101001111001001011010001001010
11101001011101111011110110000110
11101001010100101000011000110100
11101000111010010101010110011011
11101000110001110001000011111101
11101000011000011011110001010001
11101000010000100111100001110000
11100111111000010001010000100001
11100111110001001101110111001100
11100111011001110111110011110111
11100111010011100101111110111011
11100110111101010001010000100000
11100110110111110001101001000101
11100110100010011111010001000101
11100110011101110010011011001101
11100110001001100011010101100011
11100110000101101001110000000000
11100101110010011110110010111111
11100101101111011000110111010101
11100101011101010010110011100011
11100101011011000000110110000011
11100101001010000000010110010110
11100101001000100010100101111100
11100100111000101000001111011001
11100100110111111110110101101100
XXXXXXXXXXXXXXXXXXXXXXXXXXXXXXXX
XXXXXXXXXXXXXXXXXXXXXXXXXXXXXXXX
11100100011011001000011001000011
11100100011011110001110010110000
11100100001110110110011011111011
11100100010000010100001100010101
11100100000100100000011101001100
11100100000110110010011010101100
11100011111100000110011101010110
11100011111111001100011001000000
11100011110101101000010001110001
11100011111001100001110111010100
11100011110001000101100100101100
11100011110101110010011010100100
11100011101110011101110101001110
11100011110011111101011100101001
11100011101101110000010111100010
11100011110100000010001100011110
11100011101110111100010100110101
11100011110101111111101110001010
11100011110010000000101011100011
11100011111001110100111011000100
11100011110110111100001111011111
11100011111111100000100001111101
11100011111101101101101001110111
11100100000111000001000111001001
11100100000110010011011001100011
11100100010000010101000100101100
11100100010000101011110011010001
11100100011011011010101010100100
11100100011100110101000001101110
11100100101000001111111110110110
11100100101010101101000101110100
11100100110110110010111101111011
11100100111010010001110110111000
11100101000111000001011010101111
11100101001011100001000010111110
11100101011000111000111111000101
11100101011110011000001111000000
11100101101100010111001011101111
11100101110010110100110111001001
11100110000001011001011000110111
11100110001000110100001110111111
11100110010111111100110110001101
11100110100000010011100001111001
11100110101111111110101011011100
11100110111001001111110011010000
11100111001001011011111000011100
11100111010011100101111110111011
11100111100100010001010101101001
11100111101111010010111001010111
11101000000000011011110100010110
11101000001100010011010000000111
11101000011101110111111111000011
11101000101010100011101010001001
11101000111100100010011001111000
11101001001010000000101000000111
11101001011100010111100010110101
11101001101010100110100100110101
11101001111101010011110010001110
11101010001100010001110101100100
11101010011111010011011011000011
11101010101110111110101010100000
11101011000010010010101011011011
11101011010010101001001111000100
11101011100110001101101100111000
11101011110111001101101010011000
11101100001011000000100100110110
11101100011100100111111111100101
11101100110000100111010100111110
11101101000010110100001110010100
11101101010110111101111011101010
11101101101001101110010011000111
11101101111110000000010100010111
11101110010001010010000111110111
11101110100101101010011000000111
11101110111001011011100100000111
11101111001101110111111101110101
11101111100010000110011101101001
XXXXXXXXXXXXXXXXXXXXXXXXXXXXXXXX
XXXXXXXXXXXXXXXXXXXXXXXXXXXXXXXX
11110000011111110001001110011110
11110000110100001110110101010111
11110001001001010100100000110001
11110001011101101110111011110010
11110001110011001010100100100111
11110010000111011111101110000001
11110010011101001111001101000010
11110010110001011100111111100111
11110011000111011110001101100010
11110011011011100010100100110011
11110011110001110011011010100011
11110100000101101100010011000001
11110100011100001010101001111010
11110100101111110110000001010000
11110101000110011111110011001111
11110101011001111011101000100000
11110101110000101110110000010110
11110110000011111001000100001101
11110110011010110011011101101100
11110110101101101010010010100011
11110111000100101001111010101101
11110111010111001011010101000010
11110111101110001110001010010011
11111000000000011000010000101110
11111000010111011100010011001110
11111000101001001101001110101111
11111001000000010000100000011010
11111001010001100110011100101000
11111001101000100111000001011010
11111001111001100000001100101100
11111010010000011100001010101110
11111010100000110110110110010111
11111010110111101100010110001111
11111011000111100110110110101010
11111011011110010100000011011110
11111011101101101100110000011001
11111100000100001111111000000010
11111100010011000101001100101001
11111100101001011100011111111010
11111100110111101100111011000000
11111101001101110110101101110000
11111101011011100000110001111001
11111101110001011011011011001111
11111101111110011101101110111101
11111110010100000111101001011000
11111110100000100000110111001111
11111110110101111000100000101111
11111111000001100111010111100011
11111111010110101011010001110101
11111111100001101110100100101101
11111111110110011101010101010011
00000000000000110011111011110011
00000000010101001100001100000111
00000000011110110101000010011010
00000000110010110101011111111011
00000000111011101111100110111000
00000001001111010111000011001111
00000001010111100001100000011101
00000001101010101110110001100100
00000001110010001000101111100011
00000010000100111010101111101011
00000010001011100011011101111011
00000010011101111001001011110010
00000010100011101111111110110010
00000010110101101000011101101000
00000010111010101100101111000010
00000011001100000111000110101101
00000011010000011000010101010011
00000011100001010011110010011000
00000011100100110001100010001100
00000011110101001101010101110111
00000011110111110111010000001100
00000100000111110010110000100001
00000100001001101000100011111101
00000100011001000011001011110101
00000100011010000100101100010100
00000100101000111101111011011001
00000100101001001011000010001111
00000100110111100010011101000111
00000100110110111011001000111101
00000101000100110000011001000111
00000101000011010100101101111110
00000101010000100111100001110000
00000101001110010111101001000011
00000101011011000111110011101111
00000101011000000011111100001011
00000101100100010001010101111010
00000101100000011001110011100010
00000101101100000100011001010111
00000101100111011001100101100011
00000101110010100001011001010101
00000101101101000011110010101001
00000101110111101000111011000100
00000101110001011001000101010100
00000101111011011011101101110010
00000101110100011010010001111010
00000101111101111010101010101001
00000101110110001000010110101010
00000101111111000110110100011011
00000101110110100100011011010110
00000101111111000001010111100101
00000101110101101111110001010111
00000101111101101011101010000000
00000101110011101011110011011010
00000101111011000111001010110100
00000101110000011010000101010111
00000101110111010101100010001110
00000101101011111100010100000100
00000101110010011000100001010111
00000101100110010100010101001001
00000101101100010010000010000000
00000101011111100100000110110010
00000101100101000100000110010011
00000101010111101101101111011011
00000101011100110000111000101011
00000101001110110011011101101000
00000101010011011010101011011011
00000101000100110111100111101011
00000101001001000011111000100011
00000100111001111100101011011011
00000100111101101111000001011011
00000100101110000101001101111100
00000100110001011110101110011100
00000100100001010011111011001011
00000100100100010101101110110101
00000100010011101011100101101111
00000100010110010110111000010001
00000100000101001111000110011111
00000100000111100101000110100010
00000011110110000001011100010010
00000011111000000011011011001111
00000011100110000101101011100011
00000011100111110100111101010111
00000011010101011110111101111110
00000011010110111100111001000010
00000011000100010000100010000111
00000011000101011110011111000101
00000010110010011101101011001001
00000010110011011101000100101000
00000010100000001001110000010000
00000010100000111100000010110110
00000010001101011000001100100001
00000010001101111110110110011011
00000001111010001100011110010011
00000001111010101000111111001111
00000001100110101010000110111111
00000001100110111101111111111110
00000001010010110100101010100010
00000001010011000001011101101010
00000000111110101111101111000011
00000000111110110110111111010111
00000000101010011110111100011100
00000000101010100010001101101010
00000000010110000101111011111101
00000000010110000110110010010001
00000000000001101000010111101110
00000000000001101000010111101110
11111111101101001001111010100001
11111111101101001010101000110101
11111111011000101110001111000111
11111111011000110001010000010011
11111111000100011001000000000011
11111111000100011111111000010110
11111110110000001101110111000110
11111110110000011010001010010000
11111110011100010000011100111010
11111110011100100011101110000000
11111110001000100100011000100111
11111110001001000000001001110010
11111101110101001101001111010100
11111101110101110011000001101010
11111101100010001110100011110110
11111101100010111111110111001000
11111101001111101011110110001101
11111101010000101010001000101110
11111100111101101000100011001111
11111100111110110101010001100111
11111100101100001000000100001110
11111100101101100100101001001111
11111100011011001101101110100001
11111100011100111011100010111000
11111100001010111100110011001001
11111100001100111101001101010111
11111011111011011000011110011011
11111011111101101100110010100101
11111011101100100011110111100110
11111011101111001101010111001101
11111011011110100010000000011111
11111011100001100001111010010101
11111011010001010101110101001001
11111011010100101101010101000110
11111011000101000010001011100011
11111011001000110010011010011001
11111010111001101001110011001011
11111010111101110011110110011110
11111010101111001111010100110000
11111010110011110100001110101100
11111010100101110101010001111101
11111010101010110110000001010000
11111010011101011110000101001001
11111010100010111011100100110001
11111010010110001100000000111010
11111010011100000111001000001001
11111010010000000001010000000010
11111010010110011010110010001101
11111010001010111111110101000101
11111010010001111000100001011111
11111010000111001001101010001100
11111010001110100010001011111111
11111010000100100000100000110110
11111010001100011001011110111110
11111010000011000110000001101100
11111010001011011111111110101101
11111010000010111011101100001111
11111010001011110111000110010100
11111010000100000010110110110011
11111010001101100000000111100100
11111010000110011100101110001111
11111010010000011100001010101110
11111010001010001010010101110010
11111010010100101100001110011011
11111010001111001100100111000000
11111010011010010001000111011101
11111010010101100100010001100101
11111010100001001011100000110001
11111010011101010001111011001110
11111010101001011011111011001111
11111010100110010101111111100101
11111010110011000010101101101111
11111010110000110000110000001111
11111010111110000000000100111000
11111010111100100010010100011110
11111011001010010100000011001011
11111011001001101010101001011110
XXXXXXXXXXXXXXXXXXXXXXXXXXXXXXXX
11111011011000110111000110111011
11111011101000001011000111111011
11111011101001101000111000010101
11111011111001011110001011110111
11110100010001011000100011100101
11110011111100111010001001000010
11110011111100111010001001000010
11110011110101110011011000011111
00000011110101001101010101110111
00000100000101100010110111110100
00000100000111110010110000100001
00000100010111100111100000101100
00000100011001000011001011110101
00000100101000010110100111001111
00000100101000111101111011011001
00000100110111101111100011111101
00000100110111100010011101000111
00000101000101110001111001100110
00000101000100110000011001000111
00000101010010011101010101001100
00000101010000100111100001110000
00000101011101110001101110000100
00000101011011000111110011101111
00000101100111101111000101101110
00000101100100010001010101111010
00000101110000010101100111111101
00000101101100000100011001010111
00000101110111100101101010101111
00000101110010100001011001010101
00000101111101011111101110000100
00000101110111101000111011000100
00000110000010000100011100000010
00000101111011011011101101110010
00000110000101010100101000101000
00000101111101111010101010101001
00000110000111010001010001101001
00000101111111000110110100011011
00000110000111111011011110100010
00000101111111000001010111100101
00000110000111010100100000010011
00000101111101101011101010000000
00000110000101011101110001010100
00000101111011000111001010110100
00000110000010011000110101000110
00000101110111010101100010001110
00000101111110000111011000001011
00000101110010011000100001010111
00000101111000101011001111110111
00000101101100010010000010000000
00000101110010000110011010000001
00000101100101000100000110010011
00000101101010011010111100110100
00000101011100110000111000101011
00000101100001101011000110100001
00000101010011011010101011011011
00000101010111111001001101001010
00000101001001000011111000100011
00000101001101000111101110010110
00000100111101101111000001011011
00000101000001011001001110110111
00000100110001011110101110011100
00000100110100110000011010011110
00000100100100010101101110110101
00000100100111010000000011100011
00000100010110010110111000010001
00000100011000111011000010110000
00000100000111100101000110100010
00000100001001110100010110110000
00000011111000000011011011001111
00000011111001111111000011110010
00000011100111110100111101010111
00000011101001011110010011010111
00000011010110111100111001000010
00000011011000010101010011111100
00000011000101011110011111000101
00000011000110100111011000011111
00000010110011011101000100101000
00000010110100010111111000000111
00000010100000111100000010110110
00000010100001101010001101110001
00000010001101111110110110011011
00000010001110100001110111101101
00000001111010101000111111001111
00000001111011000010010111001111
00000001100110111101111111111110
00000001100111001111010000001111
00000001010011000001011101101010
00000001010011001100001000110001
00000000111110110110111111010111
00000000111110111100101000101011
00000000101010100010001101101010
00000000101010100100011001001010
00000000010110000110110010010001
00000000010110000111000100011000
00000000000001101000010111101110
00000000000001101000010101000100
11111111101101001010101000110101
11111111101101001011110110000000
11111111011000110001010000010011
11111111011000110101010001110000
11111111000100011111111000010110
11111111000100101000010010000111
11111110110000011010001010010000
11111110110000101000011111110101
11111110011100100011101110000000
11111110011100111001100010000001
11111110001001000000001001110010
11111110001001011110111101111011
11111101110101110011000001101010
11111101110110011100010110011011
11111101100010111111110111001000
11111101100011110101001011101001
11111101010000101010001000101110
11111101010001101100111010100000
11111100111110110101010001100111
11111101000000000110111100011110
11111100101101100100101001001111
11111100101111000110100110111111
11111100011100111011100010111000
11111100011110101111001011010001
11111100001100111101001101010111
11111100001111000011110101110001
11111011111101101100110010100101
11111100000000000111101101111011
11111011101111001101010111001101
11111011110001111101110101110000
11111011100001100001111010010101
11111011100100101001001001100001
11111011010100101101010101000110
11111011011000001100011111011010
11111011001000110010011010011001
11111011001100101010100111000111
11111010111101110011110110011110
11111011000010000110001001100111
11111010110011110100001110101100
11111010111000100001101000111000
11111010101010110110000001010000
11111010101111111111011111011110
11111010100010111011100100110001
11111010101000100010000000010011
11111010011100000111001000001001
11111010100010001011010110011101
11111010010110011010110010001101
11111010011100111101100100110001
11111010010001111000100001011111
11111010011000111010100101101101
11111010001110100010001011111111
11111010010110000100001011000110
11111010001100011001011110111110
11111010010100011011111101111010
11111010001011011111111110101101
11111010010100000011011110000001
11111010001011110111000110010100
11111010010100111100000010000101
11111010001101100000000111100100
11111010010111000110110111010101
11111010010000011100001010101110
11111010011010100101000001011011
