00000101101011000000111100111101
11100110000110000101110001101100
11110011001100101011000011011000
11110011010001101111011000101100
11110011100110000110001010011000
11110011101011100001111101001101
11110011111111111101011100011101
11110100000101101110111111101011
11110100011010001101000110100111
11110100100000010010101100001111
11110100110100110001010100101110
11110100111011001001001110001001
11110101001111100110010001111111
11110101010110001110110000001010
11110101101010101000001001010101
11110101110001011111011101000000
11110110000101110011000101110110
11110110001100110111011111101101
11110110100001000011010011001011
11110110101000010011000100001001
11110110111100010100111101111101
11110111000011101110010111010101
11110111010111100100010100001111
11110111011111000101100111111001
11110111110010101101100101111000
11110111111010010101000110100000
11111000001101101101000100111101
11111000010101011001000110001111
11111000101000011111000110001110
11111000110000001101111101000000
11111001000011000000000001011001
11111001001010110000000011111011
11111001011101001100010001101001
11111001100100111011110111101111
11111001110111000000010101111101
11111001111110101101111001001100
11111010010000011000110001011111
11111010011000000010101101011010
11111010101001010010001100000000
11111010110000110110111110010000
11111011000001101001010010001011
11111011001001000111011010101110
11111011011001011010110101111101
11111011100000110000110111010000
11111011110000100011101110111110
11111011110111110000001110000101
11111100000111000000111010110011
11111100001110000010011111100101
11111100011100101111011101010010
11111100100011100100110010101000
11111100110001101100100000111111
11111100111000010100010100110101
11111101000101110101010111010100
11111101001100001110011010111010
11111101011001000111011000111100
11111101011111010000100000111010
11111101101011100000000110000010
11111101110001011000001010100010
11111101111100111101000110100000
11111110000010100011000011010111
11111110001101011100001010010101
11111110010010101110111111001101
11111110011100111011001001110010
11111110100001111001111010001001
11111110101011011000000101100101
11111110110000000001111000111011
11111110111000110001000111001001
11111110111101000101001001001010
11111111000101000100100000111010
11111111001001000010000001010111
11111111010000010000101110010010
11111111010011110111000001010011
11111111011010010100010100000001
11111111011101100010110010000100
11111111100011001110000000010001
11111111100110000100000110001110
11111111101010111100101010101101
11111111101101011001111010000000
11111111110001011111010100110010
11111111110011100011010011010011
11111111110110110101001001100110
11111111111000011111100001111000
11111111111010111101011110001110
11111111111100001101111111011100
11111111111101110111110001101001
11111111111110101110001111100110
11111111111111100011101100110101
11111111111111111111111111111111
00000000000000000001000010110010
00000000000000000011001000011000
11111111111111001111110000101000
11111111111110110111101010011111
11111111111101001111111101011101
11111111111100011101110010001010
11111111111010000001111010011101
11111111111000110101110101010010
11111111110101100110000010111000
11111111110100000000010011101110
11111111101111111100111011111000
11111111101101111101110111010010
11111111101001000111010100100101
11111111100110101111010011101100
11111111100001000110000101111001
11111111011110010101100110011001
11111111010111111010010010011111
11111111010100110001110110100100
11111111001101100101000110101011
11111111001010000101010100111101
11111111000010000111111000010001
11111110111110010001011011101110
11111110110101100100000110011000
11111110110001010111101110010010
11111110100111111011011001010110
11111110100011011001111001001100
11111110011001001111100010100011
11111110010100011001110001111010
11111110001001100010011100001000
11111110000100011001010110101001
11111101111000110110001000111100
11111101110011011010101110000100
11111101100111001100110100000111
11111101100001100000000111001111
11111101010100101000110001000101
11111101001110101011111001001000
11111101000001001100011011000101
11111100111011000000100010100100
11111100101100111010010101000011
11111100100110100000101001111100
11111100010111110101001001010100
11111100010001001110111100110100
11111100000001111111101001010001
11111011111011001110001111101101
11111011101011011100101101000110
11111011100100100001011101110100
11111011010100001111010011100001
11111011001101001011101000100111
11111010111100011010100001010100
11111010110101001111110111100111
11111010100100000001100001001100
11111010011100110001010111111101
11111010001011000111100011010011
11111010000011110011011100001000
11111001110001101111111100111000
11111001101010011001011011100001
11111001010111111110001000000001
11111001010000100110110010001011
11111000111101110101100011001000
11111000110110011111000000010011
11111000100011011001110000101110
11111000011100000101101001111101
11111000001000101110010110111001
11111000000001011110010110101010
11110111101101110110111110111111
11110111100110101100110000111110
11110111010010110111010101001101
11110111001011110100100110000111
11110110110111110011001000010000
11110110110000111001100101100011
11110110011100101110001000110011
11110110010101111111100000100101
11110110000001101100001001001010
11110101111011001010001001111110
11110101100110110000111100111010
11110101100000011101010101011110
11110101001100000000011000011010
11110101000101111100110111011011
XXXXXXXXXXXXXXXXXXXXXXXXXXXXXXXX
11110100010011111101110100000101
11110011111111100000110111000000
11110011111010000100100010101101
11110011100101101011010101101001
11110011100000100101011111011100
11110011001100010010001000000001
11110011000111100100011100010010
11110010110011011000111111100001
11110010101111000101001001011101
11110010011011000011101011100110
11110010010111001011010101000111
11110010000011010101111001010111
11110001111111111010101010101101
11110001101100010011010011000010
11110001101001010110110010110100
11110001010101111111011111110000
11110001010011100011010010100110
11110001000000011110000011000010
11110000111110100011101011011010
11110000101011110010011100010111
11110000101010011011011010011101
11110000011000000000000110111100
11110000010111001101111000010111
11110000000101001010011001001000
11110000000100111110011000110101
11101111110011010100100100001011
11101111110011110000001010010000
11101111100010100001110011110110
11101111100011100110010101010001
11101111010010110101001101111110
11101111010100100011111100100100
11101111000100010001110010010001
11101111000110101011111100011001
11101110110110111010011001110011
11101110111010000001001010010100
11101110101010110001110110110001
11101110101110100110010100110100
11101110011111111010110100001100
11101110100100011110000011000001
11101110010110010111110101100000
11101110011011101010110100011010
11101110001110001011010110011000
11101110010100001111000000011110
11101110000111010111101010010101
11101110001110001100110110011101
11101110000001111110111100100000
11101110001001100110011101001000
11101101111110000011001111011011
11101110000110011101110010011111
11101101111011100110011100101110
11101110000100110100101011100000
11101101111010101010010100110110
11101110000100101100110011111100
11101101111011010000011111000000
11101110000110000111101110000111
11101101111101011010011000110001
11101110001001000110110010101111
11101110000001001001010110000010
11101110001101101011010000101001
11101110000110011110100000110000
11101110010011110110001100110000
11101110001101011010111000110111
11101110011011101000100001110100
11101110010101111111010100000000
11101110100101000011000000010100
11101110100000001100011101100110
11101110110000000110001110010110
11101110101100000010110110100001
11101110111100110010100111100100
11101110111001100010110101001010
11101111001011001000011101000010
11101111001000101100100101010101
11101111011011000111110101001010
11101111011001100000001000001000
11101111101100110000101011101011
11101111101011111101010011111100
11110000000000000010110001101001
11110000000000000011110100011100
11110000010100111101101101010011
11110000010101110011001010100010
11110000101011100000111010001101
11110000101101001010101100011010
11110001000011101011101001001101
11110001000110001001100101100011
11110001011101011101000000011110
11110001100000101110110110110001
11110001111000110011111011011111
11110001111100111001010110010001
11110010010101101111001011010010
11110010011010100111101111110001
11110010110100001101010110010010
11110010111001111000100100011110
11110011010100001100111000101010
11110011011010101010001011010111
11110011110101101100000100010001
11110011111100111010110001001100
11110100011000101001000000110111
11110100100000101000011000100111
11110100111101000001101100010001
11110101000101110000111010011111
11110101100010110011111010011111
11110101101100010010000101111011
11110110001001111101010101111001
11110110010100001001100000011111
11110110110010011011011111100000
11110110111101010100100110011110
11110111011100001011101111001000
11110111100111110000101011000110
11111000000111001011010011100111
11111000010011011010111000101110
11111000110011010111010011000010
11111001000000010000010001000100
11111001100000101100101011001000
11111001101110001101101101100110
11111010001111001000010001010100
11111010011101001111111111101011
11111010111110100110110011001110
11111011001101010011110000111011
11111011101111000100110110110100
11111011111110010101100011100010
11111100100000011110111010110001
11111100110000010001110010011111
11111101010010110001010110110110
11111101100011000100110010000101
11111110000101111000011100001000
11111110010110101010110000000011
11111110111001110000010101011101
11111111001010111111110100000011
11111111101110010101000111101100
11111111111111111111111111111111
00000000100011100010110010001100
00000000110101100111010000011001
00000001011001010101001111000100
00000001101011110001011100110010
00000010001111101000010011101011
00000010100010011010011000000100
00000011000110010111110000111101
00000011011001011101110000111100
00000011111101011111010011110110
00000100010000110111010010010011
00000100110100111010100101101000
00000101001000100010100011100111
00000101101100100101001100011101
00000110000000011011001001011000
00000110100100011010101011101101
00000110111000011100100101100001
00000111011100010110100100010110
00000111110000100010010111110100
00001000010100010100010101100001
00001000101000100111111110011000
00001001001100001111011100110010
00001001100000101000110101111101
00001010000100000011010110101100
00001010011000100000011010100010
00001010111011101011011111001011
00001011010000001010000111101011
00001011110011000011010010000000
00001100000111100001011000111100
00001100101010000110001011001001
00001100111110100001101010011001
00001101100000101111100111010011
00001101110101000110011001000000
00001110010110111011000100010101
00001110101011001011000011000101
00001111001100100100000001100111
00001111100000101011001000101110
00010000000001100110000000100100
00010000010101100010001100010001
00010000110101111100100101000010
00010001001001101011110010101001
00010001101001100011010101110000
00010001111101000011100011111101
00010010011100010101111100101101
00010010101111100101001011101100
00010011001110010000000111101001
00010011100001001100011001010110
00010011111111001101101000011010
00010100010001110101000000101101
00010100101111001010010101011001
00010101000001011010111010010100
00010101011110000010001001111101
00010101101111111010000011110110
00010110001011110001000110101110
00010110011101001110100000011110
00010110111000010011010010001001
00010111001001010100011001010101
00010111100011100100111000101100
00010111110100000111111101110100
00011000001101100010001101010101
00011000011101100101100011111110
00011000110110000111101001111010
00011001000101101001101000110111
00011001011101010001101111011011
00011001101100010000110000111010
00011010000010111101000110010111
00011010010001010111101000001101
00011010100111000110011111001001
00011010110100111011000010111000
00011011001001101010110010010010
00011011010110110111111101010110
00011011101010100111000000110011
00011011110111001011011100101010
00011100001001111000010100100000
00011100010101110010101110110011
00011100100111011100000000001100
00011100110010101011001010110111
00011101000011001111100000000010
00011101001101110010010001011101
00011101011101010000011001101100
00011101100111000101101100110001
00011101110101011100011100101100
00011101111110100011010000111110
00011110001011110001100010100000
00011110010100001000111100010110
00011110100000001101101110111000
00011110100111110100110111011101
00011110110010101111001111111011
00011110111001100101010101010110
00011111000011010100011110010111
00011111001001011000110011110010
00011111010001111011111101101010
00011111010111001101111011010100
00011111011110100100011100001001
00011111100011000011011111011101
00011111101001001100110011001100
00011111101100111000011110101111
00011111110001110100000111001111
00011111110100101100000010111010
00011111111000011001101000000000
00011111111010011101100000111101
00011111111100111100110000011001
00011111111110001100011001001001
00011111111111011101000110101111
00011111111111111000010111000110
00011111111111111010011100101100
00011111111111100001010001111010
00011111111110010100101111011000
00011111111101000111001100000000
00011111111010101100000111001110
00011111111000101010010011001100
00011111110101000000111000000111
00011111110010001011000000101111
00011111101101010011100001010011
00011111101001101001111001001100
00011111100011100100101101010100
00011111011111000111101100011000
00011111010111110101010001111110
00011111010010100101010101011010
00011111001010000110010000001111
00011111000100000011111010011100
00011110111010011000110100001000
00011110110011100100101100101010
00011110101000101110010100101010
00011110100001001001001000001010
00011110010101001000010011101000
00011110001100110010110011110001
00011101111111101000011101011111
00011101110110100011100000111010
00011101101000010000101001010001
00011101011110011101001011011100
00011101001111000010111000001111
00011101000100100001111001011010
00011100110100000001010101110101
00011100101000110011111010111010
00011100010111001110010111011010
00011100001011010101101001110101
00011011111000101100011011111110
00011011101100001001101001101010
00011011011000011110001100000010
00011011001011010010100111001010
00011010110110100110011001001110
00011010101000110011011000001001
00011010010011000111111110001000
00011010000100101110111011010001
00011001101110000101111101111101
00011001011111001000010111100111
00011001000111100011100100001101
00011000111000000010111100011011
00011000011111100100000100011110
00011000001111100010000000111001
00010111110110001010111010000001
00010111100101101001000011101011
00010111001011011011100111011100
00010110111010011011101010101011
00010110011111011001110110011011
00010110001101111101100010100110
00010101110010001001010111010011
00010101100000010010011110101110
00010101000011101110000000101001
00010100110001011110011000010100
00010100010100001011101111000010
00010100000001100101001110100001
00010011100011100110100100100011
00010011010000101011000101110000
00010010110010000010101000011110
00010010011110110100000111011001
00010001111111100100000110110000
00010001101100000100100001011010
00010001001100001111001111110010
00010000111000100000100101111010
00010000011000001000010111110101
00010000000100001100101010101101
00001111100011010011110110101100
00001111001111001101001000111010
00001110101101110110000111010010
00001110011001100110011100100110
00001101110111110011100111001000
00001101100011011101000100001101
00001101000001010000110110000100
00001100101100110101100000010001
00001100001010010010010101101100
00001011110101110100010010110111
XXXXXXXXXXXXXXXXXXXXXXXXXXXXXXXX
XXXXXXXXXXXXXXXXXXXXXXXXXXXXXXXX
00001010101100100001110001001001
00001010011000000011101110010101
00001001110100101001001010111010
00001001100000001101110101000111
00001000111100100101010100100000
00001000101000001110110001100101
00001000000100011010110010011000
00000111110000001011000111101101
00000111001100001110001000010101
00000110111000000111011010100011
00000110010100000011111001000111
00000110000000001000001011111111
00000101011100000000100101111100
00000101001000010001111100000011
00000100100100001000101110000010
00000100010000101001001000101100
00000011101100100000101110010101
00000011011001010010001101010000
00000010110101001101000000111011
00000010100010010001100010000111
00000001111110010001111100101001
00000001101011101011011100001001
00000001000111110011110100110011
00000000110101100100001100011110
00000000010001110110111000100101
11111111111111111111111111111111
11111111011100011111010010110000
11111111001011000010111110111011
11111110100111110001001001010001
11111110010110110001001100011111
11111101110011110000011100110111
11111101100011001110100110100010
11111101000000100001001000101111
11111100110000011111000101001001
11111100001110000111000010000010
11111011111110100110011010010000
11111011011100100101110111101010
11111011001101101000010001010100
11111010101100000001010001111001
11111010011101101000001111000001
11111001111100011100110001111011
11111001101110101001110000110110
11111001001101111011110001101111
11111001000000110000001100110110
11111000100000100001100011101001
11111000010011111110110001010100
11110111110100010001010010000001
11110111101000011000100100011100
11110111001001001101111111000100
11110110111110000000100100001001
11110110011111011010100100100000
11110110010100111001100101101011
11110101110110111001110011010000
11110101101101000110010101011011
11110101001111101110010011010111
11110101000110101001010110110010
11110100101001111010100011100101
11110100100001100101000011101111
11110100000101100000111001010000
11110011111101111011101100110000
11110011100010100011100000000111
11110011011011101111011000101001
11110011000001000100011010000100
11110010111011000010000100010001
11110010100001000101011111000010
11110010011011110101100010011111
11110010000010101000011100110110
11110001111110001011011011111010
11110001100101101110110111000001
11110001100010000101001110111001
11110001001010011010000110101100
11110001000111100100001111010100
11110000110000101011011010100011
11110000101110101001100110100010
11110000011000100011110110101011
11110000010111010110010011010010
11110000000010000100010100100000
XXXXXXXXXXXXXXXXXXXXXXXXXXXXXXXX
XXXXXXXXXXXXXXXXXXXXXXXXXXXXXXXX
11101111101010011000000101101100
11101111101011001101100010111011
11101111010111111111001000110110
11101111011001101000111011000011
11101111000111001111110110111011
11101111001001101101110011010001
11101110111000001010011001001001
11101110111011011100001111011100
11101110101010101110101101111011
11101110101110110100001000101101
11101110011110111100101001000110
11101110100011110101001101100101
11101110010100110011110011110101
11101110011010011111000010000001
11101110001100010011101100110010
11101110010010110000111111011111
11101110000101011011101000001010
11101110001100101010010101000101
11101110000000001010101111110111
11101110001000001010000111100111
11101101111100100000000011100110
11101110000101001111010001110100
11101101111010011010011000111111
11101110000011111000100100011011
11101101111001111000011011101111
11101110000100000100100110010101
11101101111010111000101101110110
11101110000101110001110100110100
11101101111101011001100111110100
11101110001000111110100011110010
11101110000001011001011000110000
11101110001101101000111101110111
11101110000110110110000110101010
11101110010011101111000100101100
11101110001101101101101110101100
11101110011011001110110001001010
11101110010101111110000101010101
11101110100100000101110011101100
11101110011111100100110110101110
11101110101110010001110100011011
11101110101010011111100110111000
11101110111001110000010011100110
11101110110110101011110010000010
11101111000110011110101001110000
11101111000100000110101100111000
11101111010100011010001000000111
11101111010010101101100100111010
11101111100011011111111000110101
11101111100010011101100000110010
11101111110011101100111111011000
11101111110011010011100000100010
11110000000100111110011000110101
11110000000101001100011110000101
11110000010111010000111100010010
11110000011000000101001101011000
11110000101010100001011011000110
11110000101011111010011100111111
11110000111110101100100001011000
11110001000000101000110110010011
11110001010011101110110110010010
11110001010110001100111101111110
11110001101001100100111100011011
11110001101100100011010100010011
11110010000000001011010010010010
11110010000011101000010101100110
11110010010111011110010010100001
11110010011011011000011010100111
11110010101111011010010100011011
11110010110011101111111000111100
11110011000111111011101100011010
11110011001100101011000011011000
11110011100000111110101100001111
11110011100110000110001010011000
11110011111010011111100011100011
11110011111111111101011100011101
11110100010100011010100000010011
11110100011010001101000110100111
11110100101110101011101111000111
11110100110100110001010100101110
11110101001001001111011011101010
11110101001111100110010001111111
11110101100100000001110001001111
11110101101010101000001001010101
11110101111110111110111011000010
11110110000101110011000101110110
11110110011010000011000100100110
11110110100001000011010011001011
11110110110101001010011010010010
11110110111100010100111101111101
11110111010000010001001001101010
11110111010111100100010100001111
11110111101011010011100001110110
11110111110010101101100101111000
11111000000110001101110100000101
11111000001101101101000100111101
11111000100000111100010011111100
11111000101000011111000110001110
11111000111011011011010111111011
11111001000011000000000001011001
11111001010101100111011001101100
11111001011101001100010001101001
11111001101111011100110110100100
11111001110111000000010101111101
11111010001000111000001111110110
11111010010000011000110001011111
11111010100001110110001011001111
11111010101001010010001100000000
11111010111010010011010011001100
11111011000001101001010010001011
11111011010010001100010111010011
11111011011001011010110101111101
11111011101001011110001100100110
11111011110000100011101110111110
11111100000000000101101101111011
11111100000111000000111010110011
11111100010101111111111100010010
11111100011100101111011101010010
11111100101011001001111111001000
11111100110001101100100000111111
11111100111111100001000100101110
11111101000101110101010111010100
11111101010011000010100010011000
11111101011001000111011000111100
11111101100101101011110100110011
11111101101011100000000110000010
11111101110111011010100000010101
11111101111100111101000110100000
11111110001000001100010001001011
11111110001101011100001010010101
11111110010111111110111011110000
11111110011100111011001001110010
11111110100110110000011100110111
11111110101011011000000101100101
11111110110100011110111001110111
11111110111000110001000111001001
11111111000001001000100000111111
11111111000101000100100000111010
11111111001100101011101001011111
11111111010000010000101110010010
11111111010111000110110011101101
11111111011010010100010100000001
11111111100000011000101001011100
11111111100011001110000000010001
11111111101000011111111101111011
11111111101010111100101010101101
11111111101111011011101110000001
11111111110001011111010100110010
11111111110101001011000000010101
11111111110110110101001001100110
11111111111001101101000101010001
11111111111010111101011110001110
11111111111101000001010111001011
11111111111101110111110001101001
11111111111111000111011010011001
11111111111111100011101100110101
11111111111111111110111101001100
00000000000000000001000010110010
11111111111111100111111000000000
11111111111111001111110000101000
11111111111110000010001101010000
11111111111101001111111101011101
11111111111011001110001001011011
11111111111010000001111010011101
11111111110111001100000011000101
11111111110101100110000010111000
11111111110001111100011010110001
11111111101111111100111011111000
11111111101011011111111010111100
11111111101001000111010100100101
11111111100011110111011000000001
11111111100001000110000101111001
11111111011011000011110000000110
11111111010111111010010010011111
11111111010001000110001011000001
11111111001101100101000110101011
11111111000101111111111010001011
11111111000010000111111000010001
11111110111001110010011000011010
11111110110101100100000110011000
11111110101100011111001001110011
11111110100111111011011001010110
11111110011110000111111011100001
11111110011001001111100010100011
11111110001110101110100011101110
11111110001001100010011100001000
11111101111110010101000001001101
11111101111000110110001000111100
11111101101100111101011011010111
11111101100111001100110100000111
11111101011010101010000001110011
11111101010100101000110001000101
11111101000111011101001100001101
11111101000001001100011011000101
11111100110011011001011010000000
11111100101100111010010101000011
11111100011110100001010010001100
11111100010111110101001001010100
11111100001000110111100010111110
11111100000001111111101001010001
11111011110010011111000001011111
11111011101011011100101101000110
11111011011011011010101001100001
11111011010100001111010011100001
11111011000011101101011101001011
11111010111100011010100001010100
11111010101011011010100100100011
11111010100100000001100001001100
11111010010010100101001101010111
11111010001011000111100011010011
11111001111001010000101010101110
11111001110001101111111100111000
11111001011111100000010100100011
11111001010111111110001000000001
11111001000101010111100111100000
11111000111101110101100011001000
11111000101010111010000100010101
11111000100011011001110000101110
11111000010000001011001111101001
11111000001000101110010110111001
11110111110101001110110001100011
11110111101101110110111110111111
11110111011010001000010101000111
11110111010010110111010101001101
11110110111110111011101000000101
11110110110111110011001000010000
11110110100011101100011010011110
11110110011100101110001000110011
11110110001000011110011110000111
11110110000001101100001001001010
11110101101101010101100110001111
11110101100110110000111100111010
11110101010010010101100111000111
11110101001100000000011000011010
11110100110111100010010101100101
XXXXXXXXXXXXXXXXXXXXXXXXXXXXXXXX
11110100000101010000110110011000
11110011111111100000110111000000
11110011101011000101100001001101
11110011100101101011010101101001
00000101101010100101101100100110
00000101101011000000111100111101
00000101101011000000111100111101
00000101011011100001010111111110
11110011001100101011000011011000
11110011010001101111011000101100
11110011100110000110001010011000
11110011101011100001111101001101
11110011111111111101011100011101
11110100000101101110111111101011
11110100011010001101000110100111
11110100100000010010101100001111
11110100110100110001010100101110
11110100111011001001001110001001
11110101001111100110010001111111
11110101010110001110110000001010
11110101101010101000001001010101
11110101110001011111011101000000
11110110000101110011000101110110
11110110001100110111011111101101
11110110100001000011010011001011
11110110101000010011000100001001
11110110111100010100111101111101
11110111000011101110010111010101
11110111010111100100010100001111
11110111011111000101100111111001
11110111110010101101100101111000
11110111111010010101000110100000
11111000001101101101000100111101
11111000010101011001000110001111
11111000101000011111000110001110
11111000110000001101111101000000
11111001000011000000000001011001
11111001001010110000000011111011
11111001011101001100010001101001
11111001100100111011110111101111
11111001110111000000010101111101
11111001111110101101111001001100
11111010010000011000110001011111
11111010011000000010101101011010
11111010101001010010001100000000
11111010110000110110111110010000
11111011000001101001010010001011
11111011001001000111011010101110
11111011011001011010110101111101
11111011100000110000110111010000
11111011110000100011101110111110
11111011110111110000001110000101
11111100000111000000111010110011
11111100001110000010011111100101
11111100011100101111011101010010
11111100100011100100110010101000
11111100110001101100100000111111
11111100111000010100010100110101
11111101000101110101010111010100
11111101001100001110011010111010
11111101011001000111011000111100
11111101011111010000100000111010
11111101101011100000000110000010
11111101110001011000001010100010
11111101111100111101000110100000
11111110000010100011000011010111
11111110001101011100001010010101
11111110010010101110111111001101
11111110011100111011001001110010
11111110100001111001111010001001
11111110101011011000000101100101
11111110110000000001111000111011
11111110111000110001000111001001
11111110111101000101001001001010
11111111000101000100100000111010
11111111001001000010000001010111
11111111010000010000101110010010
11111111010011110111000001010011
11111111011010010100010100000001
11111111011101100010110010000100
11111111100011001110000000010001
11111111100110000100000110001110
11111111101010111100101010101101
11111111101101011001111010000000
11111111110001011111010100110010
11111111110011100011010011010011
11111111110110110101001001100110
11111111111000011111100001111000
11111111111010111101011110001110
11111111111100001101111111011100
11111111111101110111110001101001
11111111111110101110001111100110
11111111111111100011101100110101
11111111111111111111111111111111
00000000000000000001000010110010
00000000000000000011001000011000
11111111111111001111110000101000
11111111111110110111101010011111
11111111111101001111111101011101
11111111111100011101110010001010
11111111111010000001111010011101
11111111111000110101110101010010
11111111110101100110000010111000
11111111110100000000010011101110
11111111101111111100111011111000
11111111101101111101110111010010
11111111101001000111010100100101
11111111100110101111010011101100
11111111100001000110000101111001
11111111011110010101100110011001
11111111010111111010010010011111
11111111010100110001110110100100
11111111001101100101000110101011
11111111001010000101010100111101
11111111000010000111111000010001
11111110111110010001011011101110
11111110110101100100000110011000
11111110110001010111101110010010
11111110100111111011011001010110
11111110100011011001111001001100
11111110011001001111100010100011
11111110010100011001110001111010
11111110001001100010011100001000
11111110000100011001010110101001
11111101111000110110001000111100
11111101110011011010101110000100
11111101100111001100110100000111
11111101100001100000000111001111
11111101010100101000110001000101
11111101001110101011111001001000
11111101000001001100011011000101
11111100111011000000100010100100
11111100101100111010010101000011
11111100100110100000101001111100
11111100010111110101001001010100
11111100010001001110111100110100
11111100000001111111101001010001
11111011111011001110001111101101
11111011101011011100101101000110
11111011100100100001011101110100
11111011010100001111010011100001
11111011001101001011101000100111
11111010111100011010100001010100
11111010110101001111110111100111
11111010100100000001100001001100
11111010011100110001010111111101
11111010001011000111100011010011
11111010000011110011011100001000
11111001110001101111111100111000
11111001101010011001011011100001
11111001010111111110001000000001
11111001010000100110110010001011
11111000111101110101100011001000
11111000110110011111000000010011
11111000100011011001110000101110
11111000011100000101101001111101
11111000001000101110010110111001
11111000000001011110010110101010
