0.000000e+00
0.000000e+00
0.000000e+00
0.000000e+00
0.000000e+00
0.000000e+00
0.000000e+00
0.000000e+00
0.000000e+00
3.875000e+00
3.875000e+00
3.875000e+00
5.625000e-01
5.625000e-01
-1.625000e+00
-1.625000e+00
-1.625000e+00
-1.625000e+00
-1.625000e+00
-1.843750e+00
-1.343750e+00
-1.343750e+00
-1.343750e+00
-1.343750e+00
-1.343750e+00
-1.343750e+00
-1.343750e+00
-1.343750e+00
-1.343750e+00
-1.343750e+00
-1.343750e+00
-1.500000e+00
-1.031250e+00
-1.031250e+00
-1.031250e+00
-1.031250e+00
-1.031250e+00
-1.031250e+00
-1.031250e+00
-1.031250e+00
-1.031250e+00
-1.031250e+00
-1.031250e+00
-1.031250e+00
-1.125000e+00
-7.187500e-01
-7.187500e-01
-7.187500e-01
-7.187500e-01
-7.187500e-01
-7.187500e-01
-7.187500e-01
-7.187500e-01
-7.187500e-01
-7.187500e-01
-7.187500e-01
-8.125000e-01
-4.375000e-01
-4.375000e-01
-4.375000e-01
-4.375000e-01
-4.375000e-01
-4.375000e-01
-4.375000e-01
-4.375000e-01
-4.375000e-01
-4.375000e-01
-4.375000e-01
-4.375000e-01
-4.687500e-01
-2.187500e-01
-2.187500e-01
-2.187500e-01
-2.187500e-01
-2.187500e-01
-2.187500e-01
-2.187500e-01
-2.187500e-01
-2.187500e-01
-2.187500e-01
-2.187500e-01
-2.812500e-01
-1.250000e-01
-1.250000e-01
-1.250000e-01
-1.250000e-01
-1.250000e-01
-1.250000e-01
-1.250000e-01
-1.250000e-01
-1.250000e-01
-1.250000e-01
-1.250000e-01
-1.250000e-01
-9.375000e-02
-6.250000e-02
-6.250000e-02
-6.250000e-02
-6.250000e-02
-6.250000e-02
-6.250000e-02
-6.250000e-02
-6.250000e-02
-6.250000e-02
-6.250000e-02
-6.250000e-02
-3.125000e-02
-9.375000e-02
-9.375000e-02
-9.375000e-02
-9.375000e-02
-9.375000e-02
-9.375000e-02
-9.375000e-02
-9.375000e-02
-9.375000e-02
-9.375000e-02
-9.375000e-02
-9.375000e-02
-3.125000e-02
-2.500000e-01
-2.500000e-01
-2.500000e-01
-2.500000e-01
-2.500000e-01
-2.500000e-01
-2.500000e-01
-2.500000e-01
-2.500000e-01
-2.500000e-01
-2.500000e-01
-1.562500e-01
-5.000000e-01
-5.000000e-01
-5.000000e-01
-5.000000e-01
-5.000000e-01
-5.000000e-01
-5.000000e-01
-5.000000e-01
-5.000000e-01
-5.000000e-01
-5.000000e-01
-5.000000e-01
-3.750000e-01
-7.500000e-01
-7.500000e-01
-7.500000e-01
-7.500000e-01
-7.500000e-01
-7.500000e-01
-7.500000e-01
-7.500000e-01
-7.500000e-01
-7.500000e-01
-7.500000e-01
-6.250000e-01
-1.093750e+00
-1.093750e+00
-1.093750e+00
-1.093750e+00
-1.093750e+00
-1.093750e+00
-1.093750e+00
-1.093750e+00
-1.093750e+00
-1.093750e+00
-1.093750e+00
-1.093750e+00
-9.062500e-01
-1.375000e+00
-1.437500e+00
-1.437500e+00
-1.437500e+00
-1.437500e+00
-1.437500e+00
-1.437500e+00
-1.437500e+00
-1.437500e+00
-1.437500e+00
-1.437500e+00
-1.718750e+00
-1.718750e+00
-1.718750e+00
-1.718750e+00
-1.718750e+00
-1.718750e+00
-1.718750e+00
-1.718750e+00
-1.718750e+00
-1.718750e+00
-1.718750e+00
-1.718750e+00
-1.718750e+00
-2.000000e+00
-2.000000e+00
-2.000000e+00
-2.000000e+00
-2.000000e+00
-2.000000e+00
-2.000000e+00
-2.000000e+00
-2.000000e+00
-2.000000e+00
-2.000000e+00
-2.000000e+00
-2.093750e+00
-2.093750e+00
-2.093750e+00
-2.093750e+00
-2.093750e+00
-2.093750e+00
-2.093750e+00
-2.093750e+00
-2.093750e+00
-2.093750e+00
-2.093750e+00
-2.093750e+00
-2.093750e+00
-2.218750e+00
-2.218750e+00
-2.218750e+00
-2.218750e+00
-2.218750e+00
-2.218750e+00
-2.218750e+00
-2.218750e+00
-2.218750e+00
-2.218750e+00
-2.218750e+00
-2.218750e+00
-2.187500e+00
-2.187500e+00
-2.187500e+00
-2.187500e+00
-2.187500e+00
-2.187500e+00
-2.187500e+00
-2.187500e+00
-2.187500e+00
-2.187500e+00
-2.187500e+00
-2.187500e+00
-2.187500e+00
-2.031250e+00
-2.031250e+00
-2.031250e+00
-2.031250e+00
-2.031250e+00
-2.031250e+00
-2.031250e+00
-2.031250e+00
-2.031250e+00
-2.031250e+00
-2.031250e+00
-2.031250e+00
-1.718750e+00
-1.718750e+00
-1.718750e+00
-1.718750e+00
-1.718750e+00
-1.718750e+00
-1.718750e+00
-1.718750e+00
-1.718750e+00
-1.718750e+00
-1.718750e+00
-1.718750e+00
-1.718750e+00
-1.343750e+00
-1.343750e+00
-1.343750e+00
-1.343750e+00
-1.343750e+00
-1.343750e+00
-1.343750e+00
-1.343750e+00
-1.343750e+00
-1.343750e+00
-1.343750e+00
-1.343750e+00
-8.437500e-01
-8.437500e-01
-8.437500e-01
-8.437500e-01
-8.437500e-01
-8.437500e-01
-8.437500e-01
-8.437500e-01
-8.437500e-01
-8.437500e-01
-8.437500e-01
-8.437500e-01
-8.437500e-01
-2.500000e-01
-2.500000e-01
-2.500000e-01
-2.500000e-01
-2.500000e-01
-2.500000e-01
-2.500000e-01
-2.500000e-01
-2.500000e-01
-2.500000e-01
-2.500000e-01
-2.500000e-01
4.062500e-01
4.062500e-01
4.062500e-01
4.062500e-01
4.062500e-01
4.062500e-01
4.062500e-01
4.062500e-01
4.062500e-01
4.062500e-01
4.062500e-01
4.062500e-01
4.062500e-01
1.062500e+00
1.062500e+00
1.062500e+00
1.062500e+00
1.062500e+00
1.062500e+00
1.062500e+00
1.062500e+00
1.062500e+00
1.062500e+00
1.062500e+00
1.062500e+00
1.750000e+00
1.750000e+00
1.750000e+00
1.750000e+00
1.750000e+00
1.750000e+00
1.750000e+00
1.750000e+00
1.750000e+00
1.750000e+00
1.750000e+00
1.750000e+00
1.750000e+00
2.375000e+00
2.375000e+00
2.375000e+00
2.375000e+00
2.375000e+00
2.375000e+00
2.375000e+00
2.375000e+00
2.375000e+00
2.375000e+00
2.375000e+00
2.375000e+00
2.875000e+00
2.875000e+00
2.875000e+00
2.875000e+00
2.875000e+00
2.875000e+00
2.875000e+00
2.875000e+00
2.875000e+00
2.875000e+00
2.875000e+00
2.875000e+00
2.875000e+00
3.343750e+00
3.343750e+00
3.343750e+00
3.343750e+00
3.343750e+00
3.343750e+00
3.343750e+00
3.343750e+00
3.343750e+00
3.343750e+00
3.343750e+00
3.343750e+00
3.656250e+00
3.656250e+00
3.656250e+00
3.656250e+00
3.656250e+00
3.656250e+00
3.656250e+00
3.656250e+00
3.656250e+00
3.656250e+00
3.656250e+00
3.656250e+00
3.656250e+00
3.843750e+00
3.843750e+00
3.843750e+00
3.843750e+00
3.843750e+00
3.843750e+00
3.843750e+00
3.843750e+00
3.843750e+00
3.843750e+00
3.843750e+00
3.843750e+00
3.875000e+00
3.875000e+00
3.875000e+00
3.875000e+00
3.875000e+00
3.875000e+00
3.875000e+00
3.875000e+00
3.875000e+00
3.875000e+00
3.875000e+00
3.875000e+00
3.875000e+00
3.812500e+00
3.812500e+00
3.812500e+00
3.812500e+00
3.812500e+00
3.812500e+00
3.812500e+00
3.812500e+00
3.812500e+00
3.812500e+00
3.812500e+00
3.812500e+00
3.531250e+00
3.531250e+00
3.531250e+00
3.531250e+00
3.531250e+00
3.531250e+00
3.531250e+00
3.531250e+00
3.531250e+00
3.531250e+00
3.531250e+00
3.531250e+00
3.531250e+00
3.093750e+00
3.093750e+00
3.093750e+00
3.093750e+00
3.093750e+00
3.093750e+00
3.093750e+00
3.093750e+00
3.093750e+00
3.093750e+00
3.093750e+00
3.093750e+00
2.593750e+00
2.593750e+00
2.593750e+00
2.593750e+00
2.593750e+00
2.593750e+00
2.593750e+00
2.593750e+00
2.593750e+00
2.593750e+00
2.593750e+00
2.593750e+00
2.593750e+00
2.000000e+00
2.000000e+00
2.000000e+00
2.000000e+00
2.000000e+00
2.000000e+00
2.000000e+00
2.000000e+00
2.000000e+00
2.000000e+00
2.000000e+00
2.000000e+00
1.312500e+00
1.312500e+00
1.312500e+00
1.312500e+00
1.312500e+00
1.312500e+00
1.312500e+00
1.312500e+00
1.312500e+00
1.312500e+00
1.312500e+00
1.312500e+00
1.312500e+00
6.562500e-01
6.562500e-01
5.937500e-01
5.937500e-01
5.937500e-01
5.937500e-01
5.937500e-01
5.937500e-01
5.937500e-01
5.937500e-01
5.937500e-01
5.937500e-01
4.062500e-01
-6.250000e-02
-6.250000e-02
-6.250000e-02
-6.250000e-02
-6.250000e-02
-6.250000e-02
-6.250000e-02
-6.250000e-02
-6.250000e-02
-6.250000e-02
-6.250000e-02
-6.250000e-02
-2.812500e-01
-6.562500e-01
-6.562500e-01
-6.562500e-01
-6.562500e-01
-6.562500e-01
-6.562500e-01
-6.562500e-01
-6.562500e-01
-6.562500e-01
-6.562500e-01
-6.562500e-01
-9.062500e-01
-1.281250e+00
-1.281250e+00
-1.281250e+00
-1.281250e+00
-1.281250e+00
-1.281250e+00
-1.281250e+00
-1.281250e+00
-1.281250e+00
-1.281250e+00
-1.281250e+00
-1.281250e+00
-1.500000e+00
-1.687500e+00
-1.687500e+00
-1.687500e+00
-1.687500e+00
-1.687500e+00
-1.687500e+00
-1.687500e+00
-1.687500e+00
-1.687500e+00
-1.687500e+00
-1.687500e+00
-1.937500e+00
-2.031250e+00
-2.031250e+00
-2.031250e+00
-2.031250e+00
-2.031250e+00
-2.031250e+00
-2.031250e+00
-2.031250e+00
-2.031250e+00
-2.031250e+00
-2.031250e+00
-2.031250e+00
-2.281250e+00
-2.218750e+00
-2.250000e+00
-2.250000e+00
-2.250000e+00
-2.250000e+00
-2.250000e+00
-2.250000e+00
-2.250000e+00
-2.250000e+00
-2.250000e+00
-2.250000e+00
-2.250000e+00
-2.343750e+00
-2.343750e+00
-2.343750e+00
-2.343750e+00
-2.343750e+00
-2.343750e+00
-2.343750e+00
-2.343750e+00
-2.343750e+00
-2.343750e+00
-2.343750e+00
-2.343750e+00
-2.343750e+00
-2.343750e+00
-2.343750e+00
-2.343750e+00
-2.343750e+00
-2.343750e+00
-2.343750e+00
-2.343750e+00
-2.343750e+00
-2.343750e+00
-2.343750e+00
-2.343750e+00
-2.343750e+00
-2.187500e+00
-2.187500e+00
-2.187500e+00
-2.187500e+00
-2.187500e+00
-2.187500e+00
-2.187500e+00
-2.187500e+00
-2.187500e+00
-2.187500e+00
-2.187500e+00
-2.187500e+00
-2.187500e+00
-1.906250e+00
-1.906250e+00
-1.906250e+00
-1.906250e+00
-1.906250e+00
-1.906250e+00
-1.906250e+00
-1.906250e+00
-1.906250e+00
-1.906250e+00
-1.906250e+00
-1.906250e+00
-1.625000e+00
-1.625000e+00
-1.625000e+00
-1.625000e+00
-1.625000e+00
-1.625000e+00
-1.625000e+00
-3.281250e+00
-3.281250e+00
5.625000e-01
5.625000e-01
-1.625000e+00
-1.625000e+00
-1.625000e+00
-1.625000e+00
-1.625000e+00
-1.843750e+00
-1.343750e+00
-1.343750e+00
-1.343750e+00
-1.343750e+00
-1.343750e+00
-1.343750e+00
-1.343750e+00
-1.343750e+00
-1.343750e+00
-1.343750e+00
-1.343750e+00
-1.500000e+00
-1.031250e+00
-1.031250e+00
-1.031250e+00
-1.031250e+00
-1.031250e+00
-1.031250e+00
-1.031250e+00
-1.031250e+00
-1.031250e+00
-1.031250e+00
-1.031250e+00
-1.031250e+00
-1.125000e+00
-7.187500e-01
-7.187500e-01
-7.187500e-01
-7.187500e-01
-7.187500e-01
-7.187500e-01
-7.187500e-01
-7.187500e-01
-7.187500e-01
-7.187500e-01
-7.187500e-01
-8.125000e-01
-4.375000e-01
-4.375000e-01
-4.375000e-01
-4.375000e-01
-4.375000e-01
-4.375000e-01
-4.375000e-01
-4.375000e-01
-4.375000e-01
-4.375000e-01
-4.375000e-01
-4.375000e-01
-4.687500e-01
-2.187500e-01
-2.187500e-01
-2.187500e-01
-2.187500e-01
-2.187500e-01
-2.187500e-01
-2.187500e-01
-2.187500e-01
-2.187500e-01
-2.187500e-01
-2.187500e-01
-2.812500e-01
-1.250000e-01
-1.250000e-01
-1.250000e-01
-1.250000e-01
-1.250000e-01
-1.250000e-01
-1.250000e-01
-1.250000e-01
-1.250000e-01
-1.250000e-01
-1.250000e-01
-1.250000e-01
-9.375000e-02
-6.250000e-02
-6.250000e-02
-6.250000e-02
-6.250000e-02
-6.250000e-02
-6.250000e-02
-6.250000e-02
-6.250000e-02
-6.250000e-02
-6.250000e-02
-6.250000e-02
-3.125000e-02
-9.375000e-02
-9.375000e-02
-9.375000e-02
-9.375000e-02
-9.375000e-02
-9.375000e-02
-9.375000e-02
-9.375000e-02
-9.375000e-02
-9.375000e-02
-9.375000e-02
-9.375000e-02
-3.125000e-02
-2.500000e-01
-2.500000e-01
-2.500000e-01
-2.500000e-01
-2.500000e-01
-2.500000e-01
-2.500000e-01
-2.500000e-01
-2.500000e-01
-2.500000e-01
-2.500000e-01
-1.562500e-01
-5.000000e-01
-5.000000e-01
-5.000000e-01
-5.000000e-01
-5.000000e-01
-5.000000e-01
-5.000000e-01
-5.000000e-01
-5.000000e-01
-5.000000e-01
-5.000000e-01
-5.000000e-01
-3.750000e-01
-7.500000e-01
-7.500000e-01
-7.500000e-01
-7.500000e-01
-7.500000e-01
-7.500000e-01
-7.500000e-01
-7.500000e-01
-7.500000e-01
-7.500000e-01
-7.500000e-01
-6.250000e-01
-1.093750e+00
-1.093750e+00
-1.093750e+00
-1.093750e+00
-1.093750e+00
-1.093750e+00
-1.093750e+00
-1.093750e+00
-1.093750e+00
-1.093750e+00
-1.093750e+00
-1.093750e+00
-9.062500e-01
-1.375000e+00
-1.437500e+00
-1.437500e+00
-1.437500e+00
-1.437500e+00
-1.437500e+00
-1.437500e+00
-1.437500e+00
-1.437500e+00
-1.437500e+00
-1.437500e+00
-1.718750e+00
-1.718750e+00
-1.718750e+00
-1.718750e+00
-1.718750e+00
-1.718750e+00
-1.718750e+00
-1.718750e+00
-1.718750e+00
-1.718750e+00
-1.718750e+00
-1.718750e+00
-1.718750e+00
-2.000000e+00
-2.000000e+00
-2.000000e+00
-2.000000e+00
-2.000000e+00
-2.000000e+00
-2.000000e+00
-2.000000e+00
-2.000000e+00
-2.000000e+00
-2.000000e+00
-2.000000e+00
-2.093750e+00
-2.093750e+00
-2.093750e+00
-2.093750e+00
-2.093750e+00
-2.093750e+00
-2.093750e+00
-2.093750e+00
-2.093750e+00
-2.093750e+00
-2.093750e+00
-2.093750e+00
-2.093750e+00
-2.218750e+00
-2.218750e+00
-2.218750e+00
-2.218750e+00
-2.218750e+00
-2.218750e+00
-2.218750e+00
-2.218750e+00
-2.218750e+00
-2.218750e+00
-2.218750e+00
-2.218750e+00
-2.187500e+00
-2.187500e+00
-2.187500e+00
-2.187500e+00
-2.187500e+00
-2.187500e+00
-2.187500e+00
-2.187500e+00
-2.187500e+00
-2.187500e+00
-2.187500e+00
-2.187500e+00
-2.187500e+00
-2.031250e+00
-2.031250e+00
-2.031250e+00
-2.031250e+00
-2.031250e+00
-2.031250e+00
-2.031250e+00
-2.031250e+00
-2.031250e+00
-2.031250e+00
-2.031250e+00
-2.031250e+00
-1.718750e+00
-1.718750e+00
-1.718750e+00
-1.718750e+00
-1.718750e+00
-1.718750e+00
-1.718750e+00
-1.718750e+00
-1.718750e+00
-1.718750e+00
-1.718750e+00
-1.718750e+00
-1.718750e+00
-1.343750e+00
-1.343750e+00
-1.343750e+00
-1.343750e+00
-1.343750e+00
-1.343750e+00
-1.343750e+00
-1.343750e+00
-1.343750e+00
-1.343750e+00
-1.343750e+00
-1.343750e+00
-8.437500e-01
-8.437500e-01
-8.437500e-01
-8.437500e-01
-8.437500e-01
-8.437500e-01
-8.437500e-01
-8.437500e-01
-8.437500e-01
-8.437500e-01
-8.437500e-01
-8.437500e-01
-8.437500e-01
-2.500000e-01
-2.500000e-01
-2.500000e-01
-2.500000e-01
-2.500000e-01
-2.500000e-01
-2.500000e-01
-2.500000e-01
-2.500000e-01
-2.500000e-01
-2.500000e-01
-2.500000e-01
4.062500e-01
4.062500e-01
4.062500e-01
4.062500e-01
4.062500e-01
4.062500e-01
4.062500e-01
4.062500e-01
4.062500e-01
4.062500e-01
4.062500e-01
4.062500e-01
4.062500e-01
1.062500e+00
1.062500e+00
1.062500e+00
1.062500e+00
1.062500e+00
1.062500e+00
1.062500e+00
1.062500e+00
1.062500e+00
1.062500e+00
1.062500e+00
1.062500e+00
1.750000e+00
1.750000e+00
1.750000e+00
1.750000e+00
1.750000e+00
1.750000e+00
1.750000e+00
1.750000e+00
1.750000e+00
1.750000e+00
1.750000e+00
1.750000e+00
1.750000e+00
2.375000e+00
2.375000e+00
2.375000e+00
2.375000e+00
2.375000e+00
2.375000e+00
2.375000e+00
2.375000e+00
2.375000e+00
2.375000e+00
2.375000e+00
2.375000e+00
2.875000e+00
2.875000e+00
2.875000e+00
2.875000e+00
2.875000e+00
2.875000e+00
2.875000e+00
2.875000e+00
2.875000e+00
2.875000e+00
2.875000e+00
2.875000e+00
2.875000e+00
3.343750e+00
3.343750e+00
3.343750e+00
3.343750e+00
3.343750e+00
3.343750e+00
3.343750e+00
3.343750e+00
3.343750e+00
3.343750e+00
3.343750e+00
3.343750e+00
3.656250e+00
3.656250e+00
3.656250e+00
3.656250e+00
3.656250e+00
3.656250e+00
3.656250e+00
3.656250e+00
3.656250e+00
3.656250e+00
3.656250e+00
3.656250e+00
3.656250e+00
3.843750e+00
3.843750e+00
3.843750e+00
3.843750e+00
3.843750e+00
3.843750e+00
3.843750e+00
3.843750e+00
3.843750e+00
3.843750e+00
3.843750e+00
3.843750e+00
3.875000e+00
3.875000e+00
3.875000e+00
3.875000e+00
3.875000e+00
3.875000e+00
3.875000e+00
3.875000e+00
3.875000e+00
3.875000e+00
3.875000e+00
3.875000e+00
3.875000e+00
3.812500e+00
3.812500e+00
3.812500e+00
3.812500e+00
3.812500e+00
3.812500e+00
3.812500e+00
3.812500e+00
3.812500e+00
3.812500e+00
3.812500e+00
3.812500e+00
3.531250e+00
3.531250e+00
3.531250e+00
3.531250e+00
3.531250e+00
3.531250e+00
3.531250e+00
3.531250e+00
3.531250e+00
3.531250e+00
3.531250e+00
3.531250e+00
3.531250e+00
3.093750e+00
3.093750e+00
3.093750e+00
3.093750e+00
3.093750e+00
3.093750e+00
3.093750e+00
3.093750e+00
3.093750e+00
3.093750e+00
3.093750e+00
3.093750e+00
2.593750e+00
2.593750e+00
2.593750e+00
2.593750e+00
2.593750e+00
2.593750e+00
2.593750e+00
2.593750e+00
2.593750e+00
2.593750e+00
2.593750e+00
2.593750e+00
2.593750e+00
2.000000e+00
2.000000e+00
2.000000e+00
2.000000e+00
2.000000e+00
2.000000e+00
2.000000e+00
2.000000e+00
2.000000e+00
2.000000e+00
2.000000e+00
2.000000e+00
1.312500e+00
1.312500e+00
1.312500e+00
1.312500e+00
1.312500e+00
1.312500e+00
1.312500e+00
1.312500e+00
1.312500e+00
1.312500e+00
1.312500e+00
1.312500e+00
1.312500e+00
6.562500e-01
6.562500e-01
5.937500e-01
5.937500e-01
5.937500e-01
5.937500e-01
5.937500e-01
5.937500e-01
5.937500e-01
5.937500e-01
5.937500e-01
5.937500e-01
4.062500e-01
-6.250000e-02
-6.250000e-02
-6.250000e-02
-6.250000e-02
-6.250000e-02
-6.250000e-02
-6.250000e-02
-6.250000e-02
-6.250000e-02
-6.250000e-02
-6.250000e-02
-6.250000e-02
-2.812500e-01
-6.562500e-01
-6.562500e-01
-6.562500e-01
-6.562500e-01
-6.562500e-01
-6.562500e-01
-6.562500e-01
-6.562500e-01
-6.562500e-01
-6.562500e-01
-6.562500e-01
-9.062500e-01
-1.281250e+00
-1.281250e+00
-1.281250e+00
-1.281250e+00
-1.281250e+00
-1.281250e+00
-1.281250e+00
-1.281250e+00
-1.281250e+00
-1.281250e+00
-1.281250e+00
-1.281250e+00
-1.500000e+00
-1.687500e+00
-1.687500e+00
-1.687500e+00
-1.687500e+00
-1.687500e+00
-1.687500e+00
-1.687500e+00
-1.687500e+00
-1.687500e+00
-1.687500e+00
-1.687500e+00
-1.937500e+00
-2.031250e+00
-2.031250e+00
-2.031250e+00
-2.031250e+00
-2.031250e+00
-2.031250e+00
-2.031250e+00
-2.031250e+00
-2.031250e+00
-2.031250e+00
-2.031250e+00
-2.031250e+00
-2.281250e+00
-2.218750e+00
-2.250000e+00
-2.250000e+00
-2.250000e+00
-2.250000e+00
-2.250000e+00
-2.250000e+00
-2.250000e+00
-2.250000e+00
-2.250000e+00
-2.250000e+00
-2.250000e+00
-2.343750e+00
-2.343750e+00
-2.343750e+00
-2.343750e+00
-2.343750e+00
-2.343750e+00
-2.343750e+00
-2.343750e+00
-2.343750e+00
-2.343750e+00
-2.343750e+00
-2.343750e+00
-2.343750e+00
-2.343750e+00
-2.343750e+00
-2.343750e+00
-2.343750e+00
-2.343750e+00
-2.343750e+00
-2.343750e+00
-2.343750e+00
-2.343750e+00
-2.343750e+00
-2.343750e+00
-2.343750e+00
-2.187500e+00
-2.187500e+00
-2.187500e+00
-2.187500e+00
-2.187500e+00
-2.187500e+00
-2.187500e+00
-2.187500e+00
-2.187500e+00
-2.187500e+00
-2.187500e+00
-2.187500e+00
-2.187500e+00
-1.906250e+00
-1.906250e+00
-1.906250e+00
-1.906250e+00
-1.906250e+00
-1.906250e+00
-1.906250e+00
-1.906250e+00
-1.906250e+00
-1.906250e+00
-1.906250e+00
-1.906250e+00
-1.625000e+00
-1.625000e+00
-1.625000e+00
-1.625000e+00
-1.625000e+00
-1.625000e+00
-1.625000e+00
-3.281250e+00
-3.281250e+00
5.625000e-01
5.625000e-01
-1.625000e+00
-1.625000e+00
-1.625000e+00
-1.625000e+00
-1.625000e+00
-1.843750e+00
-1.343750e+00
-1.343750e+00
-1.343750e+00
-1.343750e+00
-1.343750e+00
-1.343750e+00
-1.343750e+00
-1.343750e+00
-1.343750e+00
-1.343750e+00
-1.343750e+00
-1.500000e+00
-1.031250e+00
-1.031250e+00
-1.031250e+00
-1.031250e+00
-1.031250e+00
-1.031250e+00
-1.031250e+00
-1.031250e+00
-1.031250e+00
-1.031250e+00
-1.031250e+00
-1.031250e+00
-1.125000e+00
-7.187500e-01
-7.187500e-01
-7.187500e-01
-7.187500e-01
-7.187500e-01
-7.187500e-01
-7.187500e-01
-7.187500e-01
-7.187500e-01
-7.187500e-01
-7.187500e-01
-8.125000e-01
-4.375000e-01
-4.375000e-01
-4.375000e-01
-4.375000e-01
-4.375000e-01
-4.375000e-01
-4.375000e-01
-4.375000e-01
-4.375000e-01
-4.375000e-01
-4.375000e-01
-4.375000e-01
-4.687500e-01
-2.187500e-01
-2.187500e-01
-2.187500e-01
-2.187500e-01
-2.187500e-01
-2.187500e-01
-2.187500e-01
-2.187500e-01
-2.187500e-01
-2.187500e-01
-2.187500e-01
-2.812500e-01
-1.250000e-01
-1.250000e-01
-1.250000e-01
-1.250000e-01
-1.250000e-01
-1.250000e-01
-1.250000e-01
-1.250000e-01
-1.250000e-01
-1.250000e-01
-1.250000e-01
-1.250000e-01
-9.375000e-02
-6.250000e-02
-6.250000e-02
-6.250000e-02
-6.250000e-02
-6.250000e-02
-6.250000e-02
-6.250000e-02
-6.250000e-02
-6.250000e-02
-6.250000e-02
-6.250000e-02
-3.125000e-02
-9.375000e-02
-9.375000e-02
-9.375000e-02
-9.375000e-02
-9.375000e-02
-9.375000e-02
-9.375000e-02
-9.375000e-02
-9.375000e-02
-9.375000e-02
-9.375000e-02
-9.375000e-02
-3.125000e-02
-2.500000e-01
-2.500000e-01
-2.500000e-01
-2.500000e-01
-2.500000e-01
-2.500000e-01
-2.500000e-01
-2.500000e-01
-2.500000e-01
-2.500000e-01
-2.500000e-01
-1.562500e-01
-5.000000e-01
-5.000000e-01
-5.000000e-01
-5.000000e-01
-5.000000e-01
-5.000000e-01
-5.000000e-01
-5.000000e-01
-5.000000e-01
-5.000000e-01
-5.000000e-01
-5.000000e-01
-3.750000e-01
-7.500000e-01
-7.500000e-01
-7.500000e-01
-7.500000e-01
-7.500000e-01
-7.500000e-01
-7.500000e-01
-7.500000e-01
-7.500000e-01
-7.500000e-01
-7.500000e-01
-6.250000e-01
-1.093750e+00
-1.093750e+00
-1.093750e+00
-1.093750e+00
-1.093750e+00
-1.093750e+00
-1.093750e+00
-1.093750e+00
-1.093750e+00
-1.093750e+00
-1.093750e+00
-1.093750e+00
-9.062500e-01
-1.375000e+00
-1.437500e+00
-1.437500e+00
-1.437500e+00
-1.437500e+00
-1.437500e+00
-1.437500e+00
-1.437500e+00
-1.437500e+00
-1.437500e+00
-1.437500e+00
-1.718750e+00
-1.718750e+00
-1.718750e+00
-1.718750e+00
-1.718750e+00
-1.718750e+00
-1.718750e+00
-1.718750e+00
-1.718750e+00
-1.718750e+00
-1.718750e+00
-1.718750e+00
-1.718750e+00
-2.000000e+00
-2.000000e+00
-2.000000e+00
-2.000000e+00
-2.000000e+00
-2.000000e+00
-2.000000e+00
-2.000000e+00
-2.000000e+00
-2.000000e+00
-2.000000e+00
-2.000000e+00
-2.093750e+00
-2.093750e+00
-2.093750e+00
-2.093750e+00
-2.093750e+00
-2.093750e+00
-2.093750e+00
-2.093750e+00
-2.093750e+00
-2.093750e+00
-2.093750e+00
-2.093750e+00
-2.093750e+00
-2.218750e+00
-2.218750e+00
-2.218750e+00
-2.218750e+00
-2.218750e+00
-2.218750e+00
-2.218750e+00
-2.218750e+00
-2.218750e+00
-2.218750e+00
-2.218750e+00
-2.218750e+00
-2.187500e+00
-2.187500e+00
-2.187500e+00
-2.187500e+00
-2.187500e+00
-2.187500e+00
-2.187500e+00
-2.187500e+00
-2.187500e+00
-2.187500e+00
-2.187500e+00
-2.187500e+00
-2.187500e+00
-2.031250e+00
-2.031250e+00
-2.031250e+00
-2.031250e+00
-2.031250e+00
-2.031250e+00
-2.031250e+00
-2.031250e+00
-2.031250e+00
-2.031250e+00
-2.031250e+00
-2.031250e+00
-1.718750e+00
-1.718750e+00
-1.718750e+00
-1.718750e+00
-1.718750e+00
-1.718750e+00
-1.718750e+00
-1.718750e+00
-1.718750e+00
-1.718750e+00
-1.718750e+00
-1.718750e+00
-1.718750e+00
-1.343750e+00
-1.343750e+00
-1.343750e+00
-1.343750e+00
-1.343750e+00
-1.343750e+00
-1.343750e+00
-1.343750e+00
-1.343750e+00
-1.343750e+00
-1.343750e+00
-1.343750e+00
-8.437500e-01
-8.437500e-01
-8.437500e-01
-8.437500e-01
-8.437500e-01
-8.437500e-01
-8.437500e-01
-8.437500e-01
-8.437500e-01
-8.437500e-01
-8.437500e-01
-8.437500e-01
-8.437500e-01
-2.500000e-01
-2.500000e-01
-2.500000e-01
-2.500000e-01
-2.500000e-01
-2.500000e-01
-2.500000e-01
-2.500000e-01
-2.500000e-01
-2.500000e-01
-2.500000e-01
-2.500000e-01
4.062500e-01
4.062500e-01
4.062500e-01
4.062500e-01
4.062500e-01
4.062500e-01
4.062500e-01
4.062500e-01
4.062500e-01
4.062500e-01
4.062500e-01
4.062500e-01
4.062500e-01
1.062500e+00
1.062500e+00
1.062500e+00
1.062500e+00
1.062500e+00
1.062500e+00
1.062500e+00
1.062500e+00
1.062500e+00
1.062500e+00
1.062500e+00
1.062500e+00
1.750000e+00
1.750000e+00
1.750000e+00
1.750000e+00
1.750000e+00
1.750000e+00
1.750000e+00
1.750000e+00
1.750000e+00
1.750000e+00
1.750000e+00
1.750000e+00
1.750000e+00
2.375000e+00
2.375000e+00
2.375000e+00
2.375000e+00
2.375000e+00
2.375000e+00
2.375000e+00
2.375000e+00
2.375000e+00
2.375000e+00
2.375000e+00
2.375000e+00
2.875000e+00
2.875000e+00
2.875000e+00
2.875000e+00
2.875000e+00
2.875000e+00
2.875000e+00
2.875000e+00
2.875000e+00
2.875000e+00
2.875000e+00
2.875000e+00
2.875000e+00
3.343750e+00
3.343750e+00
3.343750e+00
