0.000000e+00
0.000000e+00
0.000000e+00
0.000000e+00
0.000000e+00
0.000000e+00
0.000000e+00
0.000000e+00
0.000000e+00
0.000000e+00
0.000000e+00
0.000000e+00
0.000000e+00
0.000000e+00
0.000000e+00
0.000000e+00
0.000000e+00
0.000000e+00
0.000000e+00
4.000000e+00
1.953125e-03
4.609375e-01
4.794922e-01
4.980469e-01
5.156250e-01
5.322266e-01
5.488281e-01
5.644531e-01
5.781250e-01
5.927734e-01
6.074219e-01
6.201172e-01
6.318359e-01
6.435547e-01
6.542969e-01
6.640625e-01
6.738281e-01
6.826172e-01
6.914063e-01
6.992188e-01
7.060547e-01
7.119141e-01
7.177734e-01
7.226563e-01
7.265625e-01
7.304688e-01
7.333984e-01
7.363281e-01
7.373047e-01
7.382813e-01
7.392578e-01
7.392578e-01
7.382813e-01
7.363281e-01
7.353516e-01
7.324219e-01
7.294922e-01
7.255859e-01
7.207031e-01
7.167969e-01
7.099609e-01
7.050781e-01
6.982422e-01
6.914063e-01
6.835938e-01
6.757813e-01
6.669922e-01
6.572266e-01
6.474609e-01
6.376953e-01
6.279297e-01
6.162109e-01
6.044922e-01
5.927734e-01
5.810547e-01
5.673828e-01
5.546875e-01
5.410156e-01
5.263672e-01
5.117188e-01
4.970703e-01
4.814453e-01
4.667969e-01
4.501953e-01
4.345703e-01
4.169922e-01
4.013672e-01
3.837891e-01
3.671875e-01
3.486328e-01
3.310547e-01
3.125000e-01
2.949219e-01
2.763672e-01
2.578125e-01
2.382813e-01
2.197266e-01
2.011719e-01
1.816406e-01
1.621094e-01
1.416016e-01
1.230469e-01
1.025391e-01
8.300781e-02
6.250000e-02
4.296875e-02
2.246094e-02
1.953125e-03
-1.757813e-02
-3.710938e-02
-5.761719e-02
-7.714844e-02
-9.765625e-02
-1.171875e-01
-1.376953e-01
-1.562500e-01
-1.767578e-01
-1.953125e-01
-2.148438e-01
-2.333984e-01
-2.529297e-01
-2.705078e-01
-2.900391e-01
-3.085938e-01
-3.251953e-01
-3.437500e-01
-3.613281e-01
-3.789063e-01
-3.964844e-01
-4.130859e-01
-4.296875e-01
-4.453125e-01
-4.619141e-01
-4.765625e-01
-4.921875e-01
-5.078125e-01
-5.224609e-01
-5.361328e-01
-5.498047e-01
-5.634766e-01
-5.761719e-01
-5.888672e-01
-6.005859e-01
-6.123047e-01
-6.240234e-01
-6.337891e-01
-6.445313e-01
-6.533203e-01
-6.630859e-01
-6.718750e-01
-6.806641e-01
-6.875000e-01
-6.943359e-01
-7.021484e-01
-7.080078e-01
-7.128906e-01
-7.177734e-01
-7.226563e-01
-7.265625e-01
-7.294922e-01
-7.324219e-01
-7.343750e-01
-7.363281e-01
-7.373047e-01
-7.373047e-01
-7.363281e-01
-7.353516e-01
-7.333984e-01
-7.314453e-01
-7.285156e-01
-7.246094e-01
-7.207031e-01
-7.158203e-01
-7.109375e-01
-7.041016e-01
-6.982422e-01
-6.904297e-01
-6.816406e-01
-6.738281e-01
-6.640625e-01
-6.542969e-01
-6.425781e-01
-6.318359e-01
-6.201172e-01
-6.064453e-01
-5.927734e-01
-5.791016e-01
-5.634766e-01
-5.488281e-01
-5.322266e-01
-5.156250e-01
-4.980469e-01
-4.804688e-01
-4.609375e-01
-4.414063e-01
-4.218750e-01
-4.013672e-01
-3.808594e-01
-3.583984e-01
-3.369141e-01
-3.125000e-01
-2.890625e-01
-2.646484e-01
-2.402344e-01
-2.138672e-01
-1.884766e-01
-1.601563e-01
-1.347656e-01
-1.054688e-01
-7.812500e-02
-4.882813e-02
-2.050781e-02
1.074219e-02
4.101563e-02
7.226563e-02
1.025391e-01
1.357422e-01
1.669922e-01
2.011719e-01
2.333984e-01
2.685547e-01
3.017578e-01
3.359375e-01
3.720703e-01
4.072266e-01
4.433594e-01
4.785156e-01
5.166016e-01
5.527344e-01
5.898438e-01
6.269531e-01
6.660156e-01
7.031250e-01
7.431641e-01
7.812500e-01
8.212891e-01
8.603516e-01
8.994141e-01
9.394531e-01
9.794922e-01
1.019531e+00
1.060547e+00
1.099609e+00
1.140625e+00
1.181641e+00
1.223633e+00
1.262695e+00
1.303711e+00
1.345703e+00
1.385742e+00
1.427734e+00
1.467773e+00
1.510742e+00
1.550781e+00
1.592773e+00
1.632813e+00
1.675781e+00
1.715820e+00
1.757813e+00
1.797852e+00
1.839844e+00
1.879883e+00
1.920898e+00
1.959961e+00
2.001953e+00
2.039063e+00
2.080078e+00
2.119141e+00
2.159180e+00
2.197266e+00
2.237305e+00
2.275391e+00
2.311523e+00
2.350586e+00
2.386719e+00
2.424805e+00
2.460938e+00
2.498047e+00
2.533203e+00
2.568359e+00
2.602539e+00
2.638672e+00
2.672852e+00
2.707031e+00
2.739258e+00
2.772461e+00
2.803711e+00
2.835938e+00
2.866211e+00
2.897461e+00
2.926758e+00
2.956055e+00
2.984375e+00
3.013672e+00
3.040039e+00
3.067383e+00
3.093750e+00
3.117188e+00
3.142578e+00
3.166992e+00
3.190430e+00
3.212891e+00
3.234375e+00
3.255859e+00
3.277344e+00
3.295898e+00
3.316406e+00
3.333008e+00
3.351563e+00
3.367188e+00
3.383789e+00
3.398438e+00
3.412109e+00
3.425781e+00
3.438477e+00
3.449219e+00
3.460938e+00
3.470703e+00
3.479492e+00
3.487305e+00
3.495117e+00
3.500977e+00
3.505859e+00
3.510742e+00
3.513672e+00
3.516602e+00
3.519531e+00
3.519531e+00
3.520508e+00
3.518555e+00
3.517578e+00
3.514648e+00
3.509766e+00
3.505859e+00
3.500000e+00
3.494141e+00
3.486328e+00
3.477539e+00
3.467773e+00
3.458008e+00
3.446289e+00
3.434570e+00
3.420898e+00
3.406250e+00
3.392578e+00
3.375000e+00
3.359375e+00
3.340820e+00
3.322266e+00
3.302734e+00
3.281250e+00
3.260742e+00
3.238281e+00
3.214844e+00
3.190430e+00
3.165039e+00
3.137695e+00
3.111328e+00
3.083984e+00
3.054688e+00
3.024414e+00
2.995117e+00
2.962891e+00
2.931641e+00
2.897461e+00
2.864258e+00
2.828125e+00
2.793945e+00
2.756836e+00
2.720703e+00
2.681641e+00
2.643555e+00
2.604492e+00
2.563477e+00
2.523438e+00
2.480469e+00
2.438477e+00
2.394531e+00
2.351563e+00
2.306641e+00
2.262695e+00
2.215820e+00
2.169922e+00
2.121094e+00
2.074219e+00
2.025391e+00
1.977539e+00
1.925781e+00
1.876953e+00
1.825195e+00
1.774414e+00
1.721680e+00
1.670898e+00
1.616211e+00
1.564453e+00
1.509766e+00
1.456055e+00
1.403320e+00
1.345703e+00
1.291992e+00
1.234375e+00
1.180664e+00
1.122070e+00
1.067383e+00
1.007813e+00
9.511719e-01
8.916016e-01
8.349609e-01
7.763672e-01
7.187500e-01
6.582031e-01
6.005859e-01
5.400391e-01
4.814453e-01
4.199219e-01
3.623047e-01
3.007813e-01
2.421875e-01
1.806641e-01
1.220703e-01
6.054688e-02
1.953125e-03
-5.468750e-02
-1.162109e-01
-1.748047e-01
-2.363281e-01
-2.949219e-01
-3.564453e-01
-4.150391e-01
-4.755859e-01
-5.341797e-01
-5.947266e-01
-6.523438e-01
-7.128906e-01
-7.705078e-01
-8.300781e-01
-8.867188e-01
-9.453125e-01
-1.001953e+00
-1.061523e+00
-1.116211e+00
-1.174805e+00
-1.229492e+00
-1.287109e+00
-1.340820e+00
-1.397461e+00
-1.451172e+00
-1.503906e+00
-1.559570e+00
-1.611328e+00
-1.665039e+00
-1.716797e+00
-1.769531e+00
-1.820313e+00
-1.872070e+00
-1.920898e+00
-1.972656e+00
-2.020508e+00
-2.069336e+00
-2.117188e+00
-2.166016e+00
-2.210938e+00
-2.257813e+00
-2.302734e+00
-2.348633e+00
-2.391602e+00
-2.435547e+00
-2.477539e+00
-2.520508e+00
-2.559570e+00
-2.601563e+00
-2.640625e+00
-2.677734e+00
-2.716797e+00
-2.753906e+00
-2.791016e+00
-2.825195e+00
-2.861328e+00
-2.894531e+00
-2.927734e+00
-2.959961e+00
-2.992188e+00
-3.022461e+00
-3.052734e+00
-3.081055e+00
-3.109375e+00
-3.135742e+00
-3.163086e+00
-3.188477e+00
-3.212891e+00
-3.235352e+00
-3.258789e+00
-3.280273e+00
-3.301758e+00
-3.321289e+00
-3.339844e+00
-3.357422e+00
-3.375000e+00
-3.390625e+00
-3.405273e+00
-3.419922e+00
-3.433594e+00
-3.445313e+00
-3.456055e+00
-3.467773e+00
-3.476563e+00
-3.485352e+00
-3.492188e+00
-3.499023e+00
-3.504883e+00
-3.509766e+00
-3.512695e+00
-3.515625e+00
-3.517578e+00
-3.518555e+00
-3.518555e+00
-3.517578e+00
-3.515625e+00
-3.512695e+00
-3.508789e+00
-3.504883e+00
-3.500000e+00
-3.494141e+00
-3.486328e+00
-3.477539e+00
-3.468750e+00
-3.458984e+00
-3.448242e+00
-3.436523e+00
-3.423828e+00
-3.411133e+00
-3.396484e+00
-3.381836e+00
-3.365234e+00
-3.349609e+00
-3.332031e+00
-3.314453e+00
-3.293945e+00
-3.275391e+00
-3.253906e+00
-3.233398e+00
-3.211914e+00
-3.189453e+00
-3.165039e+00
-3.141602e+00
-3.116211e+00
-3.090820e+00
-3.066406e+00
-3.038086e+00
-3.011719e+00
-2.983398e+00
-2.955078e+00
-2.924805e+00
-2.895508e+00
-2.864258e+00
-2.834961e+00
-2.801758e+00
-2.770508e+00
-2.737305e+00
-2.705078e+00
-2.670898e+00
-2.636719e+00
-2.602539e+00
-2.567383e+00
-2.531250e+00
-2.497070e+00
-2.458984e+00
-2.423828e+00
-2.385742e+00
-2.349609e+00
-2.310547e+00
-2.272461e+00
-2.236328e+00
-2.196289e+00
-2.158203e+00
-2.117188e+00
-2.079102e+00
-2.038086e+00
-2.000977e+00
-1.958984e+00
-1.919922e+00
-1.877930e+00
-1.838867e+00
-1.796875e+00
-1.756836e+00
-1.713867e+00
-1.674805e+00
-1.631836e+00
-1.591797e+00
-1.549805e+00
-1.508789e+00
-1.466797e+00
-1.426758e+00
-1.384766e+00
-1.344727e+00
-1.301758e+00
-1.261719e+00
-1.221680e+00
-1.179688e+00
-1.140625e+00
-1.098633e+00
-1.059570e+00
-1.017578e+00
-9.785156e-01
-9.375000e-01
-8.984375e-01
-8.583984e-01
-8.193359e-01
-7.792969e-01
-7.412109e-01
-7.021484e-01
-6.650391e-01
-6.259766e-01
-5.888672e-01
-5.507813e-01
-5.146484e-01
-4.775391e-01
-4.414063e-01
-4.052734e-01
-3.701172e-01
-3.349609e-01
-3.007813e-01
-2.675781e-01
-2.324219e-01
-2.001953e-01
-1.669922e-01
-1.347656e-01
-1.025391e-01
-7.128906e-02
-3.906250e-02
-9.765625e-03
2.050781e-02
4.882813e-02
7.910156e-02
1.064453e-01
1.347656e-01
1.621094e-01
1.894531e-01
2.148438e-01
2.412109e-01
2.656250e-01
2.900391e-01
3.134766e-01
3.369141e-01
3.593750e-01
3.818359e-01
4.013672e-01
4.218750e-01
4.423828e-01
4.609375e-01
4.609375e-01
4.794922e-01
4.980469e-01
5.156250e-01
5.322266e-01
5.488281e-01
5.644531e-01
5.781250e-01
5.927734e-01
6.074219e-01
6.201172e-01
6.318359e-01
6.435547e-01
6.542969e-01
6.640625e-01
6.738281e-01
6.826172e-01
6.914063e-01
6.992188e-01
7.060547e-01
7.119141e-01
7.177734e-01
7.226563e-01
7.265625e-01
7.304688e-01
7.333984e-01
7.363281e-01
7.373047e-01
7.382813e-01
7.392578e-01
7.392578e-01
7.382813e-01
7.363281e-01
7.353516e-01
7.324219e-01
7.294922e-01
7.255859e-01
7.207031e-01
7.167969e-01
7.099609e-01
7.050781e-01
6.982422e-01
6.914063e-01
6.835938e-01
6.757813e-01
6.669922e-01
6.572266e-01
6.474609e-01
6.376953e-01
6.279297e-01
6.162109e-01
6.044922e-01
5.927734e-01
5.810547e-01
5.673828e-01
5.546875e-01
5.410156e-01
5.263672e-01
5.117188e-01
4.970703e-01
4.814453e-01
4.667969e-01
4.501953e-01
4.345703e-01
4.169922e-01
4.013672e-01
3.837891e-01
3.671875e-01
3.486328e-01
3.310547e-01
3.125000e-01
2.949219e-01
2.763672e-01
2.578125e-01
2.382813e-01
2.197266e-01
2.011719e-01
1.816406e-01
1.621094e-01
1.416016e-01
1.230469e-01
1.025391e-01
8.300781e-02
6.250000e-02
4.296875e-02
2.246094e-02
1.953125e-03
-1.757813e-02
-3.710938e-02
-5.761719e-02
-7.714844e-02
-9.765625e-02
-1.171875e-01
-1.376953e-01
-1.562500e-01
-1.767578e-01
-1.953125e-01
-2.148438e-01
-2.333984e-01
-2.529297e-01
-2.705078e-01
-2.900391e-01
-3.085938e-01
-3.251953e-01
-3.437500e-01
-3.613281e-01
-3.789063e-01
-3.964844e-01
-4.130859e-01
-4.296875e-01
-4.453125e-01
-4.619141e-01
-4.765625e-01
-4.921875e-01
-5.078125e-01
-5.224609e-01
-5.361328e-01
-5.498047e-01
-5.634766e-01
-5.761719e-01
-5.888672e-01
-6.005859e-01
-6.123047e-01
-6.240234e-01
-6.337891e-01
-6.445313e-01
-6.533203e-01
-6.630859e-01
-6.718750e-01
-6.806641e-01
-6.875000e-01
-6.943359e-01
-7.021484e-01
-7.080078e-01
-7.128906e-01
-7.177734e-01
-7.226563e-01
-7.265625e-01
-7.294922e-01
-7.324219e-01
-7.343750e-01
-7.363281e-01
-7.373047e-01
-7.373047e-01
-7.363281e-01
-7.353516e-01
-7.333984e-01
-7.314453e-01
-7.285156e-01
-7.246094e-01
-7.207031e-01
-7.158203e-01
-7.109375e-01
-7.041016e-01
-6.982422e-01
-6.904297e-01
-6.816406e-01
-6.738281e-01
-6.640625e-01
-6.542969e-01
-6.425781e-01
-6.318359e-01
-6.201172e-01
-6.064453e-01
-5.927734e-01
-5.791016e-01
-5.634766e-01
-5.488281e-01
-5.322266e-01
-5.156250e-01
