0.000000e+00
0.000000e+00
0.000000e+00
0.000000e+00
0.000000e+00
4.000000e+00
4.000000e+00
4.000000e+00
4.000000e+00
4.000000e+00
2.929688e-03
2.929688e-03
2.929688e-03
0.000000e+00
-1.513672e+00
-2.055176e+00
4.941406e-01
5.122070e-01
5.302734e-01
5.463867e-01
5.629883e-01
5.786133e-01
5.937500e-01
6.079102e-01
6.220703e-01
6.342773e-01
6.474609e-01
6.586914e-01
6.699219e-01
6.796875e-01
6.899414e-01
6.987305e-01
7.075195e-01
7.148438e-01
7.221680e-01
7.280273e-01
7.343750e-01
7.382813e-01
7.436523e-01
7.465820e-01
7.500000e-01
7.534180e-01
7.543945e-01
7.563477e-01
7.563477e-01
7.568359e-01
7.553711e-01
7.553711e-01
7.524414e-01
7.509766e-01
7.470703e-01
7.441406e-01
7.387695e-01
7.348633e-01
7.285156e-01
7.241211e-01
7.163086e-01
7.104492e-01
7.021484e-01
6.948242e-01
6.855469e-01
6.767578e-01
6.665039e-01
6.577148e-01
6.459961e-01
6.347656e-01
6.245117e-01
6.118164e-01
6.005859e-01
5.864258e-01
5.747070e-01
5.595703e-01
5.463867e-01
5.312500e-01
5.170898e-01
5.009766e-01
4.868164e-01
4.697266e-01
4.545898e-01
4.370117e-01
4.218750e-01
4.033203e-01
3.872070e-01
3.686523e-01
3.520508e-01
3.325195e-01
3.159180e-01
2.958984e-01
2.788086e-01
2.583008e-01
2.392578e-01
2.216797e-01
2.011719e-01
1.831055e-01
1.616211e-01
1.435547e-01
1.225586e-01
1.040039e-01
8.251953e-02
6.396484e-02
4.199219e-02
2.343750e-02
2.441406e-03
-1.611328e-02
-3.759766e-02
-5.615234e-02
-7.763672e-02
-9.619141e-02
-1.171875e-01
-1.352539e-01
-1.562500e-01
-1.738281e-01
-1.948242e-01
-2.124023e-01
-2.329102e-01
-2.514648e-01
-2.685547e-01
-2.885742e-01
-3.046875e-01
-3.242188e-01
-3.408203e-01
-3.593750e-01
-3.754883e-01
-3.935547e-01
-4.086914e-01
-4.262695e-01
-4.409180e-01
-4.580078e-01
-4.721680e-01
-4.882813e-01
-5.019531e-01
-5.170898e-01
-5.297852e-01
-5.444336e-01
-5.561523e-01
-5.698242e-01
-5.805664e-01
-5.937500e-01
-6.040039e-01
-6.157227e-01
-6.259766e-01
-6.342773e-01
-6.450195e-01
-6.528320e-01
-6.621094e-01
-6.684570e-01
-6.772461e-01
-6.826172e-01
-6.899414e-01
-6.943359e-01
-7.006836e-01
-7.041016e-01
-7.094727e-01
-7.114258e-01
-7.153320e-01
-7.163086e-01
-7.187500e-01
-7.187500e-01
-7.202148e-01
-7.192383e-01
-7.187500e-01
-7.163086e-01
-7.148438e-01
-7.114258e-01
-7.084961e-01
-7.045898e-01
-6.992188e-01
-6.948242e-01
-6.879883e-01
-6.821289e-01
-6.743164e-01
-6.665039e-01
-6.572266e-01
-6.489258e-01
-6.381836e-01
-6.279297e-01
-6.166992e-01
-6.049805e-01
-5.917969e-01
-5.786133e-01
-5.644531e-01
-5.483398e-01
-5.322266e-01
-5.151367e-01
-4.975586e-01
-4.799805e-01
-4.604492e-01
-4.414063e-01
-4.208984e-01
-4.008789e-01
-3.803711e-01
-3.579102e-01
-3.359375e-01
-3.125000e-01
-2.890625e-01
-2.636719e-01
-2.397461e-01
-2.133789e-01
-1.879883e-01
-1.601563e-01
-1.342773e-01
-1.054688e-01
-7.763672e-02
-4.785156e-02
-1.953125e-02
1.123047e-02
4.101563e-02
7.275391e-02
1.035156e-01
1.367188e-01
1.679688e-01
2.016602e-01
2.343750e-01
2.690430e-01
3.022461e-01
3.364258e-01
3.725586e-01
4.072266e-01
4.438477e-01
4.790039e-01
5.166016e-01
5.527344e-01
5.908203e-01
6.279297e-01
6.665039e-01
7.036133e-01
7.431641e-01
7.812500e-01
8.212891e-01
8.603516e-01
9.003906e-01
9.394531e-01
9.799805e-01
1.019531e+00
1.061035e+00
1.100586e+00
1.141602e+00
1.182129e+00
1.223633e+00
1.263672e+00
1.303711e+00
1.346191e+00
1.386230e+00
1.428223e+00
1.468750e+00
1.511230e+00
1.551758e+00
1.593750e+00
1.633789e+00
1.675781e+00
1.716309e+00
1.758301e+00
1.797852e+00
1.839844e+00
1.879883e+00
1.921387e+00
1.960449e+00
2.001953e+00
2.040039e+00
2.081055e+00
2.119629e+00
2.159668e+00
2.197754e+00
2.237793e+00
2.275391e+00
2.312500e+00
2.351074e+00
2.387207e+00
2.425293e+00
2.460938e+00
2.498535e+00
2.533691e+00
2.569336e+00
2.603516e+00
2.639648e+00
2.672852e+00
2.707031e+00
2.739258e+00
2.772949e+00
2.804199e+00
2.836426e+00
2.866699e+00
2.897949e+00
2.926758e+00
2.957031e+00
2.984863e+00
3.013672e+00
3.040527e+00
3.067871e+00
3.093750e+00
3.118164e+00
3.143555e+00
3.167480e+00
3.191406e+00
3.213379e+00
3.235352e+00
3.256836e+00
3.277344e+00
3.296875e+00
3.316406e+00
3.333984e+00
3.352051e+00
3.367676e+00
3.383789e+00
3.398438e+00
3.413086e+00
3.425781e+00
3.438965e+00
3.450195e+00
3.460938e+00
3.470703e+00
3.479492e+00
3.487793e+00
3.495117e+00
3.500977e+00
3.506348e+00
3.511230e+00
3.514648e+00
3.517578e+00
3.519531e+00
3.520020e+00
3.520508e+00
3.519043e+00
3.517578e+00
3.514648e+00
3.510742e+00
3.506348e+00
3.500488e+00
3.494141e+00
3.486816e+00
3.478027e+00
3.468750e+00
3.458496e+00
3.446777e+00
3.434570e+00
3.421387e+00
3.406738e+00
3.392578e+00
3.375488e+00
3.359375e+00
3.341797e+00
3.322754e+00
3.303223e+00
3.281738e+00
3.261230e+00
3.238281e+00
3.215332e+00
3.190430e+00
3.166016e+00
3.138672e+00
3.112305e+00
3.083984e+00
3.055664e+00
3.025391e+00
2.995605e+00
2.963379e+00
2.932129e+00
2.897461e+00
2.864746e+00
2.829102e+00
2.794434e+00
2.757324e+00
2.720703e+00
2.682129e+00
2.644043e+00
2.604980e+00
2.563965e+00
2.524414e+00
2.480957e+00
2.439453e+00
2.395508e+00
2.352539e+00
2.307129e+00
2.262695e+00
2.215820e+00
2.170410e+00
2.121582e+00
2.075195e+00
2.025879e+00
1.977539e+00
1.926758e+00
1.877930e+00
1.825684e+00
1.775391e+00
1.722168e+00
1.671387e+00
1.617188e+00
1.564941e+00
1.509766e+00
1.457031e+00
1.403320e+00
1.346680e+00
1.292480e+00
1.235352e+00
1.180664e+00
1.122559e+00
1.067383e+00
1.008301e+00
9.521484e-01
8.925781e-01
8.359375e-01
7.763672e-01
7.187500e-01
6.582031e-01
6.010742e-01
5.405273e-01
4.824219e-01
4.208984e-01
3.627930e-01
3.017578e-01
2.431641e-01
1.816406e-01
1.230469e-01
6.152344e-02
2.929688e-03
-5.468750e-02
-1.162109e-01
-1.748047e-01
-2.363281e-01
-2.949219e-01
-3.564453e-01
-4.145508e-01
-4.755859e-01
-5.336914e-01
-5.942383e-01
-6.523438e-01
-7.124023e-01
-7.695313e-01
-8.295898e-01
-8.862305e-01
-9.453125e-01
-1.001465e+00
-1.060547e+00
-1.116211e+00
-1.173828e+00
-1.229004e+00
-1.286621e+00
-1.340332e+00
-1.396973e+00
-1.450684e+00
-1.503418e+00
-1.558594e+00
-1.610840e+00
-1.665039e+00
-1.716309e+00
-1.769531e+00
-1.819824e+00
-1.871582e+00
-1.920898e+00
-1.972168e+00
-2.019531e+00
-2.069336e+00
-2.116699e+00
-2.165039e+00
-2.209961e+00
-2.257324e+00
-2.301758e+00
-2.347656e+00
-2.390625e+00
-2.434570e+00
-2.476563e+00
-2.519531e+00
-2.559082e+00
-2.600586e+00
-2.639648e+00
-2.677734e+00
-2.716309e+00
-2.752930e+00
-2.790039e+00
-2.824707e+00
-2.860840e+00
-2.894043e+00
-2.927734e+00
-2.959961e+00
-2.991699e+00
-3.021484e+00
-3.052246e+00
-3.080566e+00
-3.109375e+00
-3.135742e+00
-3.162598e+00
-3.187500e+00
-3.211914e+00
-3.234863e+00
-3.258301e+00
-3.279297e+00
-3.300781e+00
-3.320313e+00
-3.339355e+00
-3.357422e+00
-3.374023e+00
-3.390137e+00
-3.405273e+00
-3.419434e+00
-3.432617e+00
-3.446777e+00
-3.458496e+00
-3.470215e+00
-3.479492e+00
-3.489258e+00
-3.497559e+00
-3.505371e+00
-3.511230e+00
-3.517090e+00
-3.520996e+00
-3.524902e+00
-3.527344e+00
-3.529297e+00
-3.529785e+00
-3.529785e+00
-3.528320e+00
-3.526855e+00
-3.523438e+00
-3.520020e+00
-3.515137e+00
-3.509766e+00
-3.503906e+00
-3.495605e+00
-3.487793e+00
-3.478027e+00
-3.468750e+00
-3.457031e+00
-3.445801e+00
-3.432617e+00
-3.419922e+00
-3.404785e+00
-3.390625e+00
-3.373535e+00
-3.357910e+00
-3.339355e+00
-3.321777e+00
-3.301758e+00
-3.282715e+00
-3.261230e+00
-3.240723e+00
-3.217773e+00
-3.195801e+00
-3.170898e+00
-3.147461e+00
-3.122070e+00
-3.097168e+00
-3.071289e+00
-3.043457e+00
-3.017090e+00
-2.987793e+00
-2.959961e+00
-2.929199e+00
-2.899902e+00
-2.868652e+00
-2.838379e+00
-2.805664e+00
-2.773926e+00
-2.740234e+00
-2.708008e+00
-2.673340e+00
-2.640137e+00
-2.604492e+00
-2.570313e+00
-2.533691e+00
-2.498535e+00
-2.460938e+00
-2.425293e+00
-2.386719e+00
-2.350586e+00
-2.311523e+00
-2.273926e+00
-2.236328e+00
-2.196777e+00
-2.158203e+00
-2.118164e+00
-2.079102e+00
-2.038574e+00
-1.999512e+00
-1.958496e+00
-1.919434e+00
-1.877441e+00
-1.837891e+00
-1.795898e+00
-1.755859e+00
-1.713867e+00
-1.673828e+00
-1.631348e+00
-1.591309e+00
-1.549316e+00
-1.508789e+00
-1.466309e+00
-1.425781e+00
-1.383789e+00
-1.343750e+00
-1.301270e+00
-1.261230e+00
-1.221680e+00
-1.179199e+00
-1.139648e+00
-1.098145e+00
-1.058594e+00
-1.017090e+00
-9.780273e-01
-9.370117e-01
-8.979492e-01
-8.574219e-01
-8.193359e-01
-7.788086e-01
-7.407227e-01
-7.016602e-01
-6.640625e-01
-6.254883e-01
-5.888672e-01
-5.502930e-01
-5.141602e-01
-4.770508e-01
-4.414063e-01
-4.047852e-01
-3.701172e-01
-3.339844e-01
-3.002930e-01
-2.670898e-01
-2.324219e-01
-1.997070e-01
-1.660156e-01
-1.342773e-01
-1.015625e-01
-7.080078e-02
-3.906250e-02
-9.277344e-03
2.148438e-02
4.980469e-02
7.958984e-02
1.069336e-01
1.357422e-01
1.625977e-01
1.894531e-01
2.153320e-01
2.416992e-01
2.656250e-01
2.905273e-01
3.134766e-01
3.374023e-01
3.593750e-01
3.818359e-01
4.023438e-01
4.223633e-01
4.433594e-01
4.619141e-01
4.814453e-01
4.990234e-01
5.166016e-01
5.332031e-01
5.493164e-01
5.649414e-01
5.800781e-01
5.937500e-01
6.079102e-01
6.201172e-01
6.323242e-01
6.440430e-01
6.552734e-01
6.650391e-01
6.748047e-01
6.835938e-01
6.918945e-01
6.997070e-01
7.060547e-01
7.124023e-01
7.177734e-01
7.226563e-01
7.270508e-01
7.304688e-01
7.338867e-01
7.363281e-01
7.382813e-01
7.392578e-01
7.397461e-01
7.392578e-01
7.387695e-01
7.373047e-01
7.358398e-01
7.329102e-01
7.299805e-01
7.255859e-01
7.216797e-01
7.167969e-01
7.109375e-01
7.050781e-01
6.987305e-01
6.914063e-01
6.840820e-01
6.752930e-01
6.674805e-01
6.582031e-01
6.479492e-01
6.386719e-01
6.279297e-01
6.166992e-01
6.044922e-01
5.932617e-01
5.805664e-01
5.678711e-01
5.546875e-01
5.410156e-01
5.263672e-01
5.122070e-01
4.970703e-01
4.819336e-01
4.663086e-01
4.506836e-01
4.340820e-01
4.174805e-01
4.008789e-01
3.842773e-01
3.662109e-01
3.491211e-01
3.310547e-01
3.129883e-01
2.944336e-01
2.768555e-01
2.583008e-01
2.387695e-01
2.202148e-01
2.001953e-01
1.816406e-01
1.616211e-01
1.420898e-01
1.220703e-01
1.030273e-01
8.251953e-02
6.298828e-02
4.248047e-02
2.294922e-02
2.441406e-03
-1.708984e-02
-3.759766e-02
-5.712891e-02
-7.763672e-02
-9.716797e-02
-1.176758e-01
-1.367188e-01
-1.567383e-01
-1.757813e-01
-1.953125e-01
-2.143555e-01
-2.324219e-01
-2.524414e-01
-2.705078e-01
-2.895508e-01
-3.076172e-01
-3.261719e-01
-3.432617e-01
-3.613281e-01
-3.784180e-01
-3.959961e-01
-4.125977e-01
-4.296875e-01
-4.453125e-01
-4.614258e-01
-4.765625e-01
-4.926758e-01
-5.068359e-01
-5.219727e-01
-5.356445e-01
-5.498047e-01
-5.629883e-01
-5.761719e-01
-5.878906e-01
-6.005859e-01
-6.118164e-01
-6.230469e-01
-6.337891e-01
-6.440430e-01
-6.538086e-01
-6.625977e-01
-6.718750e-01
-6.801758e-01
-6.879883e-01
-6.943359e-01
-7.016602e-01
-7.075195e-01
-7.133789e-01
-7.177734e-01
-7.221680e-01
-7.260742e-01
-7.294922e-01
-7.319336e-01
-7.338867e-01
-7.353516e-01
-7.363281e-01
-7.363281e-01
-7.358398e-01
-7.348633e-01
-7.333984e-01
-7.309570e-01
-7.280273e-01
-7.241211e-01
-7.202148e-01
-7.153320e-01
-7.099609e-01
-7.036133e-01
-6.972656e-01
-6.894531e-01
-6.816406e-01
-6.728516e-01
-6.630859e-01
-6.528320e-01
-6.420898e-01
-6.308594e-01
-6.191406e-01
-6.059570e-01
-5.927734e-01
-5.781250e-01
-5.620117e-01
-5.454102e-01
-5.288086e-01
-5.107422e-01
-1.487305e+00
-1.513672e+00
-1.513672e+00
-1.539551e+00
4.941406e-01
5.122070e-01
5.302734e-01
