0.000000e+00
0.000000e+00
0.000000e+00
0.000000e+00
0.000000e+00
0.000000e+00
0.000000e+00
-6.370619e-03
-6.370619e-03
-6.370619e-03
-6.370619e-03
0.000000e+00
0.000000e+00
0.000000e+00
0.000000e+00
0.000000e+00
0.000000e+00
0.000000e+00
0.000000e+00
0.000000e+00
0.000000e+00
0.000000e+00
0.000000e+00
0.000000e+00
0.000000e+00
0.000000e+00
0.000000e+00
0.000000e+00
0.000000e+00
0.000000e+00
0.000000e+00
0.000000e+00
0.000000e+00
0.000000e+00
0.000000e+00
0.000000e+00
0.000000e+00
0.000000e+00
0.000000e+00
0.000000e+00
0.000000e+00
0.000000e+00
0.000000e+00
0.000000e+00
-8.636391e-02
-6.370619e-03
0.000000e+00
-6.370619e-03
0.000000e+00
0.000000e+00
0.000000e+00
0.000000e+00
0.000000e+00
3.999767e+00
3.999767e+00
3.999767e+00
0.000000e+00
7.090134e-01
-3.238105e+00
-1.600249e+00
-1.590351e+00
-1.550593e+00
-1.539979e+00
-1.500078e+00
-1.488800e+00
-1.448819e+00
-1.436930e+00
-1.396932e+00
-1.384484e+00
-1.344535e+00
-1.331581e+00
-1.291744e+00
-1.278337e+00
-1.238675e+00
-1.224869e+00
-1.185446e+00
-1.171293e+00
-1.132173e+00
-1.117726e+00
-1.078970e+00
-1.064282e+00
-1.025952e+00
-1.011075e+00
-9.732337e-01
-9.582185e-01
-9.209260e-01
-9.058242e-01
-8.691400e-01
-8.540020e-01
-8.179848e-01
-8.028604e-01
-7.675677e-01
-7.525057e-01
-7.179940e-01
-7.030423e-01
-6.693668e-01
-6.545724e-01
-6.217870e-01
-6.071955e-01
-5.753527e-01
-5.610088e-01
-5.301595e-01
-5.161066e-01
-4.863001e-01
-4.725802e-01
-4.438642e-01
-4.305179e-01
-4.029384e-01
-3.900047e-01
-3.636058e-01
-3.511224e-01
-3.259464e-01
-3.139492e-01
-2.900362e-01
-2.785594e-01
-2.559478e-01
-2.450240e-01
-2.237500e-01
-2.134098e-01
-1.935073e-01
-1.837796e-01
-1.652805e-01
-1.561923e-01
-1.391262e-01
-1.307024e-01
-1.150966e-01
-1.073602e-01
-9.323965e-02
-8.621154e-02
-7.359885e-02
-6.729791e-02
-5.621325e-02
-5.065621e-02
-4.111733e-02
-3.631878e-02
-2.834092e-02
-2.431331e-02
-1.790924e-02
-1.466280e-02
-9.842768e-03
-7.385522e-03
-4.157238e-03
-2.495006e-03
-8.636340e-04
-7.450581e-09
3.184378e-05
9.554625e-05
-1.472175e-03
-2.207525e-03
-5.372308e-03
-6.903574e-03
-1.166036e-02
-1.398216e-02
-2.032334e-02
-2.342810e-02
-3.134352e-02
-3.522144e-02
-4.469844e-02
-4.933754e-02
-6.036096e-02
-6.574707e-02
-7.829929e-02
-8.441612e-02
-9.847704e-02
-1.053062e-01
-1.208533e-01
-1.283742e-01
-1.453827e-01
-1.535729e-01
-1.720155e-01
-1.808504e-01
-2.006976e-01
-2.101508e-01
-2.313709e-01
-2.414138e-01
-2.639728e-01
-2.745752e-01
-2.984371e-01
-3.095669e-01
-3.346934e-01
-3.463168e-01
-3.726678e-01
-3.847491e-01
-4.122824e-01
-4.247847e-01
-4.534563e-01
-4.663406e-01
-4.961046e-01
-5.093309e-01
-5.401396e-01
-5.536662e-01
-5.854704e-01
-5.992543e-01
-6.320032e-01
-6.460001e-01
-6.796412e-01
-6.938057e-01
-7.282852e-01
-7.425708e-01
-7.778335e-01
-7.921927e-01
-8.281822e-01
-8.425664e-01
-8.792252e-01
-8.935851e-01
-9.308545e-01
-9.451399e-01
-9.829603e-01
-9.971205e-01
-1.035431e+00
-1.049415e+00
-1.088155e+00
-1.101911e+00
-1.141018e+00
-1.154493e+00
-1.193904e+00
-1.207046e+00
-1.246700e+00
-1.259456e+00
-1.299287e+00
-1.311605e+00
-1.351551e+00
-1.363377e+00
0.000000e+00
-1.461004e+00
-1.500950e+00
-1.511580e+00
-1.551412e+00
-1.561356e+00
-1.601009e+00
-1.610216e+00
-1.649628e+00
-1.658046e+00
-1.697153e+00
-1.704732e+00
-1.743472e+00
-1.750163e+00
-1.788474e+00
-1.794226e+00
-1.832047e+00
-1.836814e+00
-1.874083e+00
-1.877817e+00
-1.914476e+00
-1.917132e+00
-1.953122e+00
-1.954655e+00
-1.989917e+00
-1.990284e+00
-2.024763e+00
-2.023921e+00
-2.057562e+00
-2.055471e+00
-2.088220e+00
-2.084841e+00
-2.116645e+00
-2.111940e+00
-2.142749e+00
-2.136683e+00
-2.166447e+00
-2.158987e+00
-2.187658e+00
-2.178771e+00
-2.206304e+00
-2.195959e+00
-2.222310e+00
-2.210480e+00
-2.235606e+00
-2.222264e+00
-2.246126e+00
-2.231248e+00
-2.253807e+00
-2.237372e+00
-2.258592e+00
-2.240580e+00
-2.260427e+00
-2.240820e+00
-2.259263e+00
-2.238046e+00
-2.255054e+00
-2.232215e+00
-2.247762e+00
-2.223289e+00
-2.237350e+00
-2.211237e+00
-2.223789e+00
-2.196029e+00
-2.207052e+00
-2.177643e+00
-2.187120e+00
-2.156060e+00
-2.163975e+00
-2.131268e+00
-2.137609e+00
-2.103258e+00
-2.108014e+00
-2.072027e+00
-2.075191e+00
-2.037577e+00
-2.039145e+00
-1.999915e+00
-1.999883e+00
-1.959054e+00
-1.957423e+00
-1.915011e+00
-1.911783e+00
-1.867809e+00
-1.862989e+00
-1.817474e+00
-1.811070e+00
-1.764040e+00
-1.756062e+00
-1.707545e+00
-1.698006e+00
-1.648030e+00
-1.636946e+00
-1.585544e+00
-1.572932e+00
-1.520140e+00
-1.506019e+00
-1.451873e+00
-1.436268e+00
-1.380808e+00
-1.363742e+00
-1.307009e+00
-1.288510e+00
-1.230550e+00
-1.210647e+00
-1.151505e+00
-1.130231e+00
-1.069954e+00
-1.047343e+00
-9.859831e-01
-9.620701e-01
-8.996796e-01
-8.745036e-01
-8.111367e-01
-7.847378e-01
-7.204507e-01
-6.928713e-01
-6.277222e-01
-5.990062e-01
-5.330549e-01
-5.032484e-01
-4.365565e-01
-4.057071e-01
-3.383375e-01
-3.064947e-01
-2.385120e-01
-2.057266e-01
-1.371968e-01
-1.035213e-01
-3.451172e-02
-7.450581e-09
6.942090e-02
1.047136e-01
1.744762e-01
2.104935e-01
2.805270e-01
3.172112e-01
3.874440e-01
4.247365e-01
4.950961e-01
5.329372e-01
6.033505e-01
6.416796e-01
7.120726e-01
7.508284e-01
8.211268e-01
8.602474e-01
9.303762e-01
9.697990e-01
1.039683e+00
1.079345e+00
1.148909e+00
1.188746e+00
1.257915e+00
1.297864e+00
1.366561e+00
1.406559e+00
1.474710e+00
1.514691e+00
1.582220e+00
1.622121e+00
1.688953e+00
1.728711e+00
1.794771e+00
1.834322e+00
1.899537e+00
1.938816e+00
2.003113e+00
2.042059e+00
2.105364e+00
2.143915e+00
2.206157e+00
2.244249e+00
2.305357e+00
2.342932e+00
2.402836e+00
2.439831e+00
2.498463e+00
2.534821e+00
2.592112e+00
2.627774e+00
2.683660e+00
2.718569e+00
2.772983e+00
2.807083e+00
2.859963e+00
2.893201e+00
2.944485e+00
2.976806e+00
3.026435e+00
3.057787e+00
3.105702e+00
3.136036e+00
3.182182e+00
3.211449e+00
3.255771e+00
3.283924e+00
3.326370e+00
3.353364e+00
3.393884e+00
3.419676e+00
3.458222e+00
3.482771e+00
3.519297e+00
3.542564e+00
3.577026e+00
3.598974e+00
3.631332e+00
3.651925e+00
3.682141e+00
3.701346e+00
3.729384e+00
3.747170e+00
3.772996e+00
3.789335e+00
3.812919e+00
3.827785e+00
3.849098e+00
3.862467e+00
3.881484e+00
3.893335e+00
3.910033e+00
3.920347e+00
3.934706e+00
3.943466e+00
3.955469e+00
3.962661e+00
3.972293e+00
3.977907e+00
3.985157e+00
3.989182e+00
3.994042e+00
3.996472e+00
3.998935e+00
3.999767e+00
3.999831e+00
3.999062e+00
3.996727e+00
3.994360e+00
3.989627e+00
3.985666e+00
3.978542e+00
3.972992e+00
3.963486e+00
3.956357e+00
3.944480e+00
3.935782e+00
3.921548e+00
3.911296e+00
3.894722e+00
3.882932e+00
3.864039e+00
3.850729e+00
3.829539e+00
3.814732e+00
3.791269e+00
3.774988e+00
3.749282e+00
3.731553e+00
3.703633e+00
3.684484e+00
3.654385e+00
3.633847e+00
3.601603e+00
3.579709e+00
3.545360e+00
3.522145e+00
3.485731e+00
3.461232e+00
3.422796e+00
3.397052e+00
3.356640e+00
3.329693e+00
3.287353e+00
3.259245e+00
3.215026e+00
3.185802e+00
3.139757e+00
3.109465e+00
3.061648e+00
3.030335e+00
2.980802e+00
2.948519e+00
2.897327e+00
2.864126e+00
2.811336e+00
2.777269e+00
2.722942e+00
2.688064e+00
2.632263e+00
2.596630e+00
2.539421e+00
2.503089e+00
2.444536e+00
2.407565e+00
2.347737e+00
2.310184e+00
2.249149e+00
2.211075e+00
2.148903e+00
2.110370e+00
2.047131e+00
2.008199e+00
1.943965e+00
1.904698e+00
1.839542e+00
1.800001e+00
1.733997e+00
1.694246e+00
1.627467e+00
1.587570e+00
1.520091e+00
1.480112e+00
0.000000e+00
0.000000e+00
1.336968e+00
1.296989e+00
1.227819e+00
1.187922e+00
1.118326e+00
1.078576e+00
1.008630e+00
9.690894e-01
8.988687e-01
8.596013e-01
7.891813e-01
7.502499e-01
6.797056e-01
6.411724e-01
5.705786e-01
5.325054e-01
4.619362e-01
4.243838e-01
3.539128e-01
3.169413e-01
2.466415e-01
2.103100e-01
1.402534e-01
1.046202e-01
3.487805e-02
-7.450581e-09
-6.935751e-02
-1.034246e-01
-1.723283e-01
-2.055299e-01
-2.739120e-01
-3.061950e-01
-3.739888e-01
-4.053015e-01
-4.724417e-01
-5.027341e-01
-5.691568e-01
-5.983804e-01
-6.640235e-01
-6.921315e-01
-7.569342e-01
-7.838817e-01
-8.477851e-01
-8.735290e-01
-9.364759e-01
-9.609750e-01
-1.022910e+00
-1.046125e+00
-1.106995e+00
-1.128889e+00
-1.188642e+00
-1.209180e+00
-1.267767e+00
-1.286916e+00
-1.344290e+00
-1.362019e+00
-1.418135e+00
-1.434416e+00
-1.489231e+00
-1.504037e+00
-1.557510e+00
-1.570820e+00
-1.622912e+00
-1.634703e+00
-1.685379e+00
-1.695632e+00
-1.744859e+00
-1.753557e+00
-1.801304e+00
-1.808434e+00
-1.854672e+00
-1.860222e+00
-1.904925e+00
-1.908887e+00
-1.952031e+00
-1.954398e+00
-1.995962e+00
0.000000e+00
0.000000e+00
-2.042234e+00
-2.040602e+00
-2.078151e+00
-2.074923e+00
-2.110844e+00
-2.106024e+00
-2.140308e+00
-2.133904e+00
-2.166543e+00
-2.158565e+00
-2.189556e+00
-2.180017e+00
-2.209356e+00
-2.198272e+00
-2.225961e+00
-2.213349e+00
-2.239391e+00
-2.225271e+00
-2.249672e+00
-2.234066e+00
-2.256834e+00
-2.239768e+00
-2.260913e+00
-2.242414e+00
-2.261950e+00
-2.242047e+00
-2.259988e+00
-2.238714e+00
-2.255077e+00
-2.232466e+00
-2.247272e+00
-2.223359e+00
-2.236630e+00
-2.211454e+00
-2.223214e+00
-2.196815e+00
-2.207090e+00
-2.179510e+00
-2.188328e+00
-2.159612e+00
-2.167004e+00
-2.137198e+00
-2.143195e+00
-2.112346e+00
-2.116983e+00
-2.085140e+00
-2.088453e+00
-2.055667e+00
-2.057693e+00
-2.024018e+00
-2.024795e+00
-1.990284e+00
-1.989854e+00
-1.954561e+00
-1.952966e+00
-1.916949e+00
-1.914232e+00
-1.877548e+00
-1.873753e+00
-1.836461e+00
-1.831635e+00
-1.793794e+00
-1.787985e+00
-1.749656e+00
-1.742910e+00
-1.704154e+00
-1.696521e+00
-1.657400e+00
-1.648929e+00
-1.609506e+00
-1.600249e+00
-1.560587e+00
-1.550593e+00
-1.510756e+00
-1.500078e+00
-1.460129e+00
-1.448819e+00
-1.408822e+00
-1.396932e+00
-1.356951e+00
-1.344535e+00
-1.304634e+00
-1.291744e+00
-1.251986e+00
-1.238675e+00
-1.199125e+00
-1.185446e+00
-1.146167e+00
-1.132173e+00
-1.093227e+00
-1.078970e+00
-1.040420e+00
-1.025952e+00
-9.878597e-01
-9.732337e-01
-9.356594e-01
-9.209260e-01
-8.839302e-01
-8.691400e-01
-8.327819e-01
-8.179848e-01
-7.823226e-01
-7.675677e-01
-7.326585e-01
-7.179940e-01
-6.838936e-01
-6.693668e-01
-6.361298e-01
-6.217870e-01
-5.894664e-01
-5.753527e-01
-5.440003e-01
-5.301595e-01
-4.998255e-01
-4.863001e-01
-4.570330e-01
-4.438642e-01
-4.157109e-01
-4.029384e-01
-3.759438e-01
-3.636058e-01
-3.378132e-01
-3.259464e-01
-3.013969e-01
-2.900362e-01
-2.667693e-01
-2.559478e-01
-2.340006e-01
-2.237500e-01
-2.031575e-01
-1.935073e-01
-1.743026e-01
-1.652805e-01
-1.474944e-01
-1.391262e-01
-1.227870e-01
-1.150966e-01
-1.002305e-01
-9.323965e-02
-7.987037e-02
-7.359885e-02
-6.174782e-02
-5.621325e-02
-4.589943e-02
-4.111733e-02
-3.235721e-02
-2.834092e-02
-2.114853e-02
-1.790924e-02
-1.229607e-02
-9.842768e-03
-5.817808e-03
-4.157238e-03
-1.726918e-03
-8.636340e-04
-3.185868e-05
3.184378e-05
-7.362366e-04
-1.472175e-03
-3.838897e-03
-5.372308e-03
-9.333886e-03
-1.166036e-02
-1.721045e-02
-2.032334e-02
-2.745306e-02
-3.134352e-02
-4.004148e-02
-4.469844e-02
-5.495071e-02
-6.036096e-02
-7.215114e-02
-7.829929e-02
-9.160852e-02
-9.847704e-02
-1.132840e-01
-1.208533e-01
-1.371344e-01
-1.453827e-01
-1.631118e-01
-1.720155e-01
-1.911642e-01
-2.006976e-01
-2.212354e-01
-2.313709e-01
-2.532648e-01
-2.639728e-01
-2.871879e-01
-2.984371e-01
-3.229362e-01
-3.346934e-01
-3.604373e-01
-3.726678e-01
-3.996153e-01
-4.122824e-01
-4.403905e-01
-4.534563e-01
-4.826799e-01
-4.961046e-01
-5.263970e-01
-5.401396e-01
-5.714524e-01
-5.854704e-01
-6.177534e-01
-6.320032e-01
-6.652047e-01
-6.796412e-01
-7.137082e-01
-7.282852e-01
-7.631632e-01
-7.778335e-01
-8.134668e-01
-8.281822e-01
-8.645136e-01
-8.792252e-01
-9.161967e-01
-9.308545e-01
-9.684068e-01
-9.829603e-01
-1.021034e+00
-1.035431e+00
-1.073965e+00
-1.088155e+00
-1.127087e+00
-1.141018e+00
-1.180285e+00
-1.193904e+00
-1.233445e+00
-1.246700e+00
-1.286450e+00
-1.299287e+00
-1.339184e+00
-1.351551e+00
-1.391530e+00
0.000000e+00
-1.489720e+00
-1.500950e+00
-1.540847e+00
-1.551412e+00
7.081817e-01
7.090134e-01
7.090134e-01
6.787529e-01
-1.600249e+00
-1.590351e+00
-1.550593e+00
-1.539979e+00
-1.500078e+00
-1.488800e+00
-1.448819e+00
-1.436930e+00
-1.396932e+00
-1.384484e+00
-1.344535e+00
-1.331581e+00
-1.291744e+00
-1.278337e+00
-1.238675e+00
-1.224869e+00
-1.185446e+00
-1.171293e+00
-1.132173e+00
-1.117726e+00
-1.078970e+00
-1.064282e+00
-1.025952e+00
-1.011075e+00
-9.732337e-01
-9.582185e-01
-9.209260e-01
-9.058242e-01
-8.691400e-01
-8.540020e-01
-8.179848e-01
-8.028604e-01
-7.675677e-01
-7.525057e-01
-7.179940e-01
-7.030423e-01
-6.693668e-01
-6.545724e-01
-6.217870e-01
-6.071955e-01
-5.753527e-01
-5.610088e-01
-5.301595e-01
-5.161066e-01
-4.863001e-01
-4.725802e-01
-4.438642e-01
-4.305179e-01
-4.029384e-01
-3.900047e-01
-3.636058e-01
-3.511224e-01
-3.259464e-01
-3.139492e-01
-2.900362e-01
-2.785594e-01
-2.559478e-01
-2.450240e-01
-2.237500e-01
-2.134098e-01
-1.935073e-01
-1.837796e-01
-1.652805e-01
-1.561923e-01
-1.391262e-01
-1.307024e-01
-1.150966e-01
-1.073602e-01
-9.323965e-02
-8.621154e-02
-7.359885e-02
-6.729791e-02
-5.621325e-02
-5.065621e-02
-4.111733e-02
-3.631878e-02
-2.834092e-02
-2.431331e-02
-1.790924e-02
-1.466280e-02
-9.842768e-03
-7.385522e-03
-4.157238e-03
-2.495006e-03
-8.636340e-04
-7.450581e-09
3.184378e-05
9.554625e-05
-1.472175e-03
-2.207525e-03
-5.372308e-03
-6.903574e-03
-1.166036e-02
-1.398216e-02
-2.032334e-02
-2.342810e-02
-3.134352e-02
-3.522144e-02
-4.469844e-02
-4.933754e-02
-6.036096e-02
-6.574707e-02
-7.829929e-02
-8.441612e-02
-9.847704e-02
-1.053062e-01
-1.208533e-01
-1.283742e-01
-1.453827e-01
-1.535729e-01
-1.720155e-01
-1.808504e-01
-2.006976e-01
-2.101508e-01
-2.313709e-01
-2.414138e-01
-2.639728e-01
-2.745752e-01
-2.984371e-01
-3.095669e-01
-3.346934e-01
-3.463168e-01
-3.726678e-01
-3.847491e-01
-4.122824e-01
-4.247847e-01
-4.534563e-01
-4.663406e-01
-4.961046e-01
-5.093309e-01
-5.401396e-01
-5.536662e-01
-5.854704e-01
-5.992543e-01
-6.320032e-01
-6.460001e-01
-6.796412e-01
-6.938057e-01
-7.282852e-01
-7.425708e-01
-7.778335e-01
-7.921927e-01
-8.281822e-01
-8.425664e-01
-8.792252e-01
-8.935851e-01
-9.308545e-01
-9.451399e-01
-9.829603e-01
-9.971205e-01
