0.000000e+00
0.000000e+00
0.000000e+00
0.000000e+00
0.000000e+00
0.000000e+00
-3.999995e+00
-3.999995e+00
-3.999995e+00
-3.999995e+00
0.000000e+00
0.000000e+00
0.000000e+00
0.000000e+00
0.000000e+00
0.000000e+00
0.000000e+00
0.000000e+00
0.000000e+00
0.000000e+00
0.000000e+00
0.000000e+00
0.000000e+00
0.000000e+00
0.000000e+00
0.000000e+00
0.000000e+00
0.000000e+00
0.000000e+00
0.000000e+00
0.000000e+00
0.000000e+00
0.000000e+00
0.000000e+00
0.000000e+00
0.000000e+00
0.000000e+00
0.000000e+00
0.000000e+00
0.000000e+00
0.000000e+00
0.000000e+00
0.000000e+00
-3.999068e+00
-3.999995e+00
0.000000e+00
-3.999995e+00
4.000000e+00
4.000000e+00
4.000000e+00
4.000000e+00
4.000000e+00
4.318446e-02
4.318446e-02
4.318446e-02
0.000000e+00
-1.506038e+00
-2.071887e+00
4.789228e-01
5.108298e-01
5.152209e-01
5.461276e-01
5.489253e-01
5.788151e-01
5.800149e-01
6.088733e-01
6.084734e-01
6.362884e-01
6.342893e-01
6.610514e-01
6.574563e-01
6.831580e-01
6.779727e-01
7.026089e-01
6.958417e-01
7.194099e-01
7.110717e-01
7.335714e-01
7.236754e-01
7.451086e-01
7.336707e-01
7.540417e-01
7.410802e-01
7.603953e-01
7.459310e-01
7.641991e-01
7.482550e-01
7.654870e-01
7.480886e-01
7.642976e-01
7.454729e-01
7.606741e-01
7.404532e-01
7.546640e-01
7.330791e-01
7.463189e-01
7.234046e-01
7.356948e-01
7.114878e-01
7.228518e-01
6.973907e-01
7.078537e-01
6.811794e-01
6.907685e-01
6.629235e-01
6.716677e-01
6.426966e-01
6.506263e-01
6.205756e-01
6.277231e-01
5.966408e-01
6.030400e-01
5.709757e-01
5.766618e-01
5.436670e-01
5.486768e-01
5.148041e-01
5.191759e-01
4.844795e-01
4.882525e-01
4.527880e-01
4.560029e-01
4.198270e-01
4.225254e-01
3.856960e-01
3.879206e-01
3.504966e-01
3.522912e-01
3.143324e-01
3.157414e-01
2.773087e-01
2.783774e-01
2.395321e-01
2.403065e-01
2.011108e-01
2.016374e-01
1.621540e-01
1.624798e-01
1.227719e-01
1.229442e-01
8.307536e-02
8.314188e-02
4.317582e-02
4.318446e-02
3.185138e-03
3.183872e-03
-3.678473e-02
-3.674793e-02
-7.662187e-02
-7.649910e-02
-1.162146e-01
-1.159582e-01
-1.554517e-01
-1.550141e-01
-1.942225e-01
-1.935568e-01
-2.324172e-01
-2.314768e-01
-2.699272e-01
-2.686661e-01
-3.066449e-01
-3.050176e-01
-3.424641e-01
-3.404262e-01
-3.772804e-01
-3.747881e-01
-4.109911e-01
-4.080014e-01
-4.434953e-01
-4.399666e-01
-4.746946e-01
-4.705859e-01
-5.044925e-01
-4.997645e-01
-5.327953e-01
-5.274097e-01
-5.595120e-01
-5.534317e-01
-5.845542e-01
-5.777438e-01
-6.078365e-01
-6.002621e-01
-6.292770e-01
-6.209061e-01
-6.487967e-01
-6.395984e-01
-6.663202e-01
-6.562655e-01
-6.817757e-01
-6.708373e-01
-6.950950e-01
-6.832474e-01
-7.062139e-01
-6.934334e-01
-7.150719e-01
-7.013370e-01
-7.216129e-01
-7.069039e-01
-7.257848e-01
-7.100840e-01
-7.275397e-01
-7.108316e-01
-7.268341e-01
-7.091055e-01
-7.236292e-01
-7.048686e-01
-7.178904e-01
-6.980889e-01
-7.095878e-01
-6.887387e-01
-6.986964e-01
-6.767950e-01
-6.851956e-01
-6.622397e-01
-6.690697e-01
-6.450593e-01
-6.503078e-01
-6.252454e-01
-6.289039e-01
-6.027941e-01
-6.048569e-01
-5.777067e-01
0.000000e+00
-5.485983e-01
-5.465355e-01
-5.164092e-01
-5.127507e-01
-4.816220e-01
-4.763735e-01
-4.442602e-01
-4.374303e-01
-4.043524e-01
-3.959519e-01
-3.619319e-01
-3.519742e-01
-3.170367e-01
-3.055377e-01
-2.697095e-01
-2.566878e-01
-2.199979e-01
-2.054742e-01
-1.679539e-01
-1.519514e-01
-1.136341e-01
-9.617839e-02
-5.709933e-02
-3.821842e-02
1.584910e-03
2.186085e-02
6.234904e-02
8.398756e-02
1.251193e-01
1.480858e-01
1.898178e-01
2.140755e-01
2.563628e-01
2.818729e-01
3.246687e-01
3.513904e-01
3.946462e-01
4.225369e-01
4.662026e-01
4.952175e-01
5.392416e-01
5.693343e-01
6.136637e-01
6.447861e-01
6.893663e-01
7.214686e-01
7.662438e-01
7.992747e-01
8.441880e-01
8.780945e-01
9.230877e-01
9.578157e-01
1.002830e+00
1.038324e+00
1.083298e+00
1.119501e+00
1.164375e+00
1.201230e+00
1.245942e+00
1.283388e+00
1.327875e+00
1.365854e+00
1.410054e+00
1.448504e+00
1.492353e+00
1.531213e+00
1.574646e+00
1.613855e+00
1.656809e+00
1.696302e+00
1.738712e+00
1.778428e+00
1.820229e+00
1.860103e+00
1.901232e+00
1.941201e+00
1.981593e+00
2.021592e+00
2.061183e+00
2.101149e+00
2.139875e+00
2.179743e+00
2.217541e+00
2.257248e+00
2.294054e+00
2.333538e+00
2.369290e+00
2.408486e+00
2.443123e+00
2.481968e+00
2.515430e+00
2.553862e+00
2.586088e+00
2.624047e+00
2.654979e+00
2.692403e+00
2.721983e+00
2.758812e+00
2.786984e+00
2.823160e+00
2.849868e+00
2.885333e+00
2.910524e+00
2.945220e+00
2.968843e+00
3.002715e+00
3.024718e+00
3.057713e+00
3.078047e+00
3.110111e+00
3.128729e+00
3.159812e+00
3.176669e+00
3.206719e+00
3.221772e+00
3.250743e+00
3.263949e+00
3.291794e+00
3.303115e+00
3.329789e+00
3.339188e+00
3.364649e+00
3.372089e+00
3.396297e+00
3.401747e+00
3.424661e+00
3.428090e+00
3.449675e+00
3.451056e+00
3.471277e+00
3.470582e+00
3.489407e+00
3.486615e+00
3.504014e+00
3.499103e+00
3.515047e+00
3.508001e+00
3.522465e+00
3.513266e+00
3.526228e+00
3.514864e+00
3.526302e+00
3.512764e+00
3.522660e+00
3.506940e+00
3.515279e+00
3.497372e+00
3.504139e+00
3.484043e+00
3.489229e+00
3.466945e+00
3.470541e+00
3.446073e+00
3.448072e+00
3.421427e+00
3.421827e+00
3.393013e+00
3.391814e+00
3.360843e+00
3.358046e+00
3.324934e+00
3.320543e+00
3.285307e+00
3.279330e+00
3.241990e+00
3.234435e+00
3.195015e+00
3.185896e+00
3.144420e+00
3.133751e+00
3.090249e+00
3.078047e+00
3.032549e+00
3.018834e+00
2.971374e+00
2.956167e+00
2.906782e+00
2.890108e+00
2.838837e+00
2.820722e+00
2.767606e+00
2.748079e+00
2.693162e+00
2.672254e+00
2.615582e+00
2.593328e+00
2.534949e+00
2.511384e+00
2.451349e+00
2.426510e+00
2.364873e+00
2.338800e+00
2.275616e+00
2.248351e+00
2.183677e+00
2.155263e+00
2.089158e+00
2.059641e+00
1.992166e+00
1.961594e+00
1.892812e+00
1.861233e+00
1.791210e+00
1.758674e+00
1.687476e+00
1.654035e+00
1.581730e+00
1.547438e+00
1.474095e+00
1.439008e+00
1.364698e+00
1.328871e+00
1.253666e+00
1.217156e+00
1.141131e+00
1.103997e+00
1.027226e+00
9.895268e-01
9.120848e-01
8.738814e-01
7.958451e-01
7.571983e-01
6.786452e-01
6.396169e-01
5.606249e-01
5.212775e-01
4.419253e-01
4.023218e-01
3.226885e-01
2.828922e-01
2.030573e-01
1.631319e-01
8.317515e-02
4.318446e-02
-3.681418e-02
-7.680614e-02
-1.567667e-01
-1.966959e-01
-2.765385e-01
-3.163412e-01
-3.959859e-01
-4.355983e-01
-5.149657e-01
-5.543245e-01
-6.333355e-01
-6.723777e-01
-7.509536e-01
-7.896167e-01
-8.676795e-01
-9.059018e-01
-9.833740e-01
-1.021094e+00
-1.097899e+00
-1.135057e+00
-1.211120e+00
-1.247656e+00
-1.322901e+00
-1.358757e+00
-1.433111e+00
-1.468229e+00
-1.541620e+00
-1.575944e+00
-1.648301e+00
-1.681776e+00
-1.753029e+00
-1.785603e+00
-1.855684e+00
-1.887302e+00
-1.956145e+00
-1.986759e+00
-2.054298e+00
-2.083858e+00
-2.150030e+00
-2.178489e+00
-2.243234e+00
-2.270545e+00
-2.333803e+00
-2.359924e+00
-2.421637e+00
-2.446526e+00
-2.506640e+00
-2.530256e+00
-2.588717e+00
-2.611024e+00
-2.667780e+00
-2.688742e+00
-2.743746e+00
-2.763328e+00
-2.816533e+00
-2.834705e+00
-2.886067e+00
-2.902800e+00
-2.952278e+00
-2.967544e+00
-3.015098e+00
-3.028874e+00
-3.074469e+00
-3.086731e+00
-3.130333e+00
-3.141063e+00
-3.182640e+00
-3.191821e+00
-3.231343e+00
-3.238960e+00
-3.276404e+00
-3.282444e+00
-3.317785e+00
-3.322240e+00
-3.355458e+00
-3.358319e+00
-3.389397e+00
-3.390660e+00
0.000000e+00
0.000000e+00
-3.447010e+00
-3.445746e+00
-3.470995e+00
-3.468134e+00
-3.491197e+00
-3.486743e+00
-3.507615e+00
-3.501575e+00
-3.520255e+00
-3.512638e+00
-3.529127e+00
-3.519946e+00
-3.534246e+00
-3.523515e+00
-3.535633e+00
-3.523371e+00
-3.533315e+00
-3.519540e+00
-3.527323e+00
-3.512057e+00
-3.517693e+00
-3.500960e+00
-3.504466e+00
-3.486294e+00
-3.487689e+00
-3.468107e+00
-3.467413e+00
-3.446452e+00
-3.443694e+00
-3.421387e+00
-3.416593e+00
-3.392976e+00
-3.386174e+00
-3.361285e+00
-3.352507e+00
-3.326386e+00
-3.315667e+00
-3.288355e+00
-3.275731e+00
-3.247272e+00
-3.232781e+00
-3.203221e+00
-3.186904e+00
-3.156290e+00
-3.138190e+00
-3.106571e+00
-3.086731e+00
-3.054158e+00
-3.032626e+00
-2.999151e+00
-2.975975e+00
-2.941651e+00
-2.916881e+00
-2.881763e+00
-2.855450e+00
-2.819594e+00
-2.791792e+00
-2.755256e+00
-2.726018e+00
-2.688860e+00
-2.658244e+00
-2.620524e+00
-2.588585e+00
-2.550363e+00
-2.517161e+00
-2.478498e+00
-2.444092e+00
-2.405050e+00
-2.369500e+00
-2.330141e+00
-2.293509e+00
-2.253897e+00
-2.216244e+00
-2.176441e+00
-2.137831e+00
-2.097901e+00
-2.058397e+00
0.000000e+00
0.000000e+00
-1.937951e+00
-1.897985e+00
-1.856796e+00
-1.816927e+00
-1.775068e+00
-1.735360e+00
-1.692895e+00
-1.653412e+00
-1.610406e+00
-1.571210e+00
-1.527728e+00
-1.488883e+00
-1.444987e+00
-1.406555e+00
-1.362311e+00
-1.324352e+00
-1.279823e+00
-1.242399e+00
-1.197648e+00
-1.160819e+00
-1.115908e+00
-1.079732e+00
-1.034724e+00
-9.992596e-01
-9.542145e-01
-9.195181e-01
-8.744963e-01
-8.406236e-01
-7.956841e-01
-7.626893e-01
-7.178904e-01
-6.858261e-01
-6.412247e-01
-6.101424e-01
-5.657942e-01
-5.357435e-01
-4.917030e-01
-4.627320e-01
-4.190522e-01
-3.912072e-01
-3.479396e-01
-3.212653e-01
-2.784599e-01
-2.529989e-01
-2.107041e-01
-1.864971e-01
-1.447598e-01
-1.218455e-01
-8.071049e-02
-5.912556e-02
-1.863609e-02
1.584910e-03
4.138761e-02
6.021233e-02
9.928890e-02
1.166872e-01
1.550003e-01
1.709444e-01
2.084587e-01
2.229231e-01
2.596053e-01
2.725668e-01
3.083857e-01
3.198236e-01
3.547505e-01
3.646464e-01
3.986543e-01
4.069926e-01
4.400570e-01
4.468242e-01
4.789228e-01
4.841081e-01
5.152209e-01
5.188160e-01
5.489253e-01
5.509245e-01
5.800149e-01
5.804149e-01
6.084734e-01
6.072736e-01
6.342893e-01
6.314916e-01
6.574563e-01
6.530652e-01
6.779727e-01
6.719952e-01
6.958417e-01
6.882875e-01
7.110717e-01
7.019527e-01
7.236754e-01
7.130063e-01
7.336707e-01
7.214686e-01
7.410802e-01
7.273645e-01
7.459310e-01
7.307237e-01
7.482550e-01
7.315804e-01
7.480886e-01
7.299735e-01
7.454729e-01
7.259461e-01
7.404532e-01
7.195460e-01
7.330791e-01
7.108250e-01
7.234046e-01
6.998392e-01
7.114878e-01
6.866487e-01
6.973907e-01
6.713178e-01
6.811794e-01
6.539143e-01
6.629235e-01
6.345099e-01
6.426966e-01
6.131799e-01
6.205756e-01
5.900030e-01
5.966408e-01
5.650612e-01
5.709757e-01
5.384396e-01
5.436670e-01
5.102265e-01
5.148041e-01
4.805128e-01
4.844795e-01
4.493921e-01
4.527880e-01
4.169607e-01
4.198270e-01
3.833170e-01
3.856960e-01
3.485618e-01
3.504966e-01
3.127977e-01
3.143324e-01
2.761290e-01
2.773087e-01
2.386619e-01
2.395321e-01
2.005038e-01
2.011108e-01
1.617634e-01
1.621540e-01
1.225505e-01
1.227719e-01
8.297560e-02
8.307536e-02
4.314993e-02
4.317582e-02
3.185138e-03
3.185138e-03
-3.680681e-02
-3.678473e-02
-7.671399e-02
-7.662187e-02
-1.164245e-01
-1.162146e-01
-1.558270e-01
-1.554517e-01
-1.948104e-01
-1.942225e-01
-2.332646e-01
-2.324172e-01
-2.710803e-01
-2.699272e-01
-3.081494e-01
-3.066449e-01
-3.443650e-01
-3.424641e-01
-3.796219e-01
-3.772804e-01
-4.138163e-01
-4.109911e-01
-4.468467e-01
-4.434953e-01
-4.786133e-01
-4.746946e-01
-5.090187e-01
-5.044925e-01
-5.379679e-01
-5.327953e-01
-5.653684e-01
-5.595120e-01
-5.911307e-01
-5.845542e-01
-6.151678e-01
-6.078365e-01
-6.373963e-01
-6.292770e-01
-6.577355e-01
-6.487967e-01
-6.761084e-01
-6.663202e-01
-6.924414e-01
-6.817757e-01
-7.066646e-01
-6.950950e-01
-7.187118e-01
-7.062139e-01
-7.285208e-01
-7.150719e-01
-7.360334e-01
-7.216129e-01
-7.411953e-01
-7.257848e-01
-7.439567e-01
-7.275397e-01
-7.442721e-01
-7.268341e-01
-7.421003e-01
-7.236292e-01
-7.374047e-01
-7.178904e-01
-7.301532e-01
-7.095878e-01
-7.203183e-01
-6.986964e-01
-7.078774e-01
-6.851956e-01
-6.928123e-01
-6.690697e-01
-6.751101e-01
-6.503078e-01
-6.547622e-01
-6.289039e-01
-6.317651e-01
-6.048569e-01
-6.061204e-01
0.000000e+00
-5.764432e-01
-5.465355e-01
-5.436743e-01
-5.127507e-01
-1.466047e+00
-1.506038e+00
-1.506038e+00
-1.519916e+00
4.789228e-01
5.108298e-01
5.152209e-01
5.461276e-01
5.489253e-01
5.788151e-01
5.800149e-01
6.088733e-01
6.084734e-01
6.362884e-01
6.342893e-01
6.610514e-01
6.574563e-01
6.831580e-01
6.779727e-01
7.026089e-01
6.958417e-01
7.194099e-01
7.110717e-01
7.335714e-01
7.236754e-01
7.451086e-01
7.336707e-01
7.540417e-01
7.410802e-01
7.603953e-01
7.459310e-01
7.641991e-01
7.482550e-01
7.654870e-01
7.480886e-01
7.642976e-01
7.454729e-01
7.606741e-01
7.404532e-01
7.546640e-01
7.330791e-01
7.463189e-01
7.234046e-01
7.356948e-01
7.114878e-01
7.228518e-01
6.973907e-01
7.078537e-01
6.811794e-01
6.907685e-01
6.629235e-01
6.716677e-01
6.426966e-01
6.506263e-01
6.205756e-01
6.277231e-01
5.966408e-01
6.030400e-01
5.709757e-01
5.766618e-01
5.436670e-01
5.486768e-01
5.148041e-01
5.191759e-01
4.844795e-01
4.882525e-01
4.527880e-01
4.560029e-01
4.198270e-01
4.225254e-01
3.856960e-01
3.879206e-01
3.504966e-01
3.522912e-01
3.143324e-01
3.157414e-01
2.773087e-01
2.783774e-01
2.395321e-01
2.403065e-01
2.011108e-01
2.016374e-01
1.621540e-01
1.624798e-01
1.227719e-01
1.229442e-01
8.307536e-02
8.314188e-02
4.317582e-02
4.318446e-02
3.185138e-03
3.183872e-03
-3.678473e-02
-3.674793e-02
-7.662187e-02
-7.649910e-02
-1.162146e-01
-1.159582e-01
-1.554517e-01
-1.550141e-01
-1.942225e-01
-1.935568e-01
-2.324172e-01
-2.314768e-01
-2.699272e-01
-2.686661e-01
-3.066449e-01
-3.050176e-01
-3.424641e-01
-3.404262e-01
-3.772804e-01
-3.747881e-01
-4.109911e-01
-4.080014e-01
-4.434953e-01
-4.399666e-01
-4.746946e-01
-4.705859e-01
-5.044925e-01
-4.997645e-01
-5.327953e-01
-5.274097e-01
-5.595120e-01
-5.534317e-01
-5.845542e-01
-5.777438e-01
-6.078365e-01
-6.002621e-01
-6.292770e-01
-6.209061e-01
-6.487967e-01
-6.395984e-01
-6.663202e-01
-6.562655e-01
-6.817757e-01
-6.708373e-01
-6.950950e-01
-6.832474e-01
-7.062139e-01
-6.934334e-01
-7.150719e-01
-7.013370e-01
-7.216129e-01
-7.069039e-01
-7.257848e-01
-7.100840e-01
-7.275397e-01
-7.108316e-01
-7.268341e-01
-7.091055e-01
-7.236292e-01
-7.048686e-01
-7.178904e-01
-6.980889e-01
-7.095878e-01
