LUT	FF	BRAM	DSP	IO
53200	106400	140	220	200


8-bit BRAM
Frequency(MHz)	WNS(ns)	Power(W)	Junc_temp(C)	LUT	FF	BRAM	DSP	IO
10	95.559	0.108	26.2	286	514	2.0	6	25
50	15.56	0.121	26.4	286	514	2.0	6	25
100	5.560	0.138	26.6	286	514	2.0	6	25
200	0.816	0.172	27.0	286	514	2.0	6	25
300	0.107	0.207	27.4	286	546	2.0	6	25
400	-0.736	0.241	27.8	286	546	2.0	6	25
500	-1.212	0.275	28.2	286	546	2.0	6	25


16-bit BRAM
Frequency(MHz)	WNS(ns)	Power(W)	Junc_temp(C)	LUT	FF	BRAM	DSP	IO
10	95.862	0.112	26.3	965	2190	4.0	6	49
50	16.382	0.143	26.6	965	2190	4.0	6	49
100	6.382	0.181	27.1	965	2190	4.0	6	49
200	1.382	0.258	28.0	965	2190	4.0	6	49	
300	0.128	0.333	28.8	965	2190	4.0	6	49
400	-0.556	0.417	29.8	965	2190	4.0	6	49
500	-1.205	0.493	30.7	965	2190	4.0	6	49


32-bit BRAM
Frequency(MHz)	WNS(ns)	Power(W)	Junc_temp(C)	LUT	FF	BRAM	DSP	IO
10	94.126	0.122	26.4	2904	5336	4.0	24	97
50	14.03	0.188	27.2	2904	5336	4.0	24	97
100	4.030	0.272	28.1	2904	5336	4.0	24	97
200	-0.67	0.449	30.2	2903	5336	4.0	24	97
300	-2.337	0.620	32.2	2904	5336	4.0	24	97
400	-3.17	0.795	34.2	2904	5336	4.0	24	97
500	-3.67	0.970	36.2	2904	5336	4.0	24	97




8-bit IP_Core
Frequency(MHz)	WNS(ns)	Power(W)	Junc_temp(C)	LUT	FF	BRAM	DSP	IO
10	73.44	0.108	26.2	582	196	0.0	6	25
50	0.014	0.122	26.4	612	196	0.0	6	25
100	-9.04	0.141	26.6	612	196	0.0	6	25
200	-13.5	0.177	27.0	614	196	0.0	6	25
300	-15.626	0.214	27.5	614	196	0.0	6	25
400	-16.162	0.251	27.9	614	196	0.0	6	25
500	-16.692	0.288	28.3	613	196	0.0	6	25


16-bit IP_Core
Frequency(MHz)	WNS(ns)	Power(W)	Junc_temp(C)	LUT	FF	BRAM	DSP	IO
10	40.136	0.114	58.7	2099	412	0.0	6	49
50	-20.678	0.150	26.7	2160	412	0.0	6	49
100	-30.857	0.196	27.3	2161	412	0.0	6	49
200	-35.682	0.290	28.3	2162	412	0.0	6	49
300	-37.748	0.383	28.4	2162	412	0.0	6	49
400	-38.862	0.476	30.5	2162	412	0.0	6	49
500	-39.292	0.569	31.6	2162	412	0.0	6	49


32-bit IP_Core
Frequency(MHz)	WNS(ns)	Power(W)	Junc_temp(C)	LUT	FF	BRAM	DSP	IO
10	-1.74	0.133	26.5	7658	874	0.0	24	97
50	-79.358	0.248	27.9	7658	874	0.0	24	97
100	-89.3401	0.389	29.5	7660	874	0.0	24	97
200	-94.366	0.677	32.8	7660	874	0.0	24	97
300	-95.939	0.966	36.1	7660	874	0.0	24	97
400	-96.335	1.257	39.5	7660	874	0.0	24	97
500	-96.754	1.542	42.8	7660	874	0.0	24	97




8-bit Direct VHDL
Frequency(MHz)	WNS(ns)	Power(W)	Junc_temp(C)	LUT	FF	BRAM	DSP	IO
10	96.367	0.107	26.2	548	516	0.0	0	25
50	16.378	0.119	26.4	548	516	0.0	0	25
100	6.378	0.133	26.5	548	516	0.0	0	25
200	1.661	0.162	26.9	548	516	0.0	0	25
300	0.372	0.192	27.2	548	516	0.0	0	25
400	-0.172	0.220	27.5	558	518	0.0	0	25
500	-0.686	0.249	27.9	558	520	0.0	0	25


16-bit Direct VHDL
Frequency(MHz)	WNS(ns)	Power(W)	Junc_temp(C)	LUT	FF	BRAM	DSP	IO
10	94.524	0.114	26.3	2092	1944	0.0	0	49
50	15.618	0.150	26.7	2094	1944	0.0	0	49
100	6.072	0.195	27.3	2094	1944	0.0	0	49
200	1.108	0.287	28.3	2092	1944	0.0	0	49
300	-0.011	0.376	29.3	2097	1946	0.0	0	49
400	-0.482	0.460	30.3	2118	1950	0.0	0	49
500	-1.187	0.553	31.4	2118	1948	0.0	0	49


32-bit Direct VHDL
Frequency(MHz)	WNS(ns)	Power(W)	Junc_temp(C)	LUT	FF	BRAM	DSP	IO
10	92.887	0.134	26.6	7453	7216	0.0	0	97
50	13.43	0.255	27.9	7458	7216	0.0	0	97
100	4.783	0.404	29.7	7458	7216	0.0	0	97
200	0.572	0.701	33.1	7473	7217	0.0	0	97
300	-0.704	0.996	36.5	7513	7223	0.0	0	97
400	-1.274	1.291	39.9	7513	7220	0.0	0	97
500	-1.806	1.579	43.2	7513	7223	0.0	0	97




Resource Usage

BRAM
bitsize	LUT	FF	BRAM	DSP	IO
8	286	514	2.0	6	25
16	965	2190	4.0	6	49
32	2904	5336	4.0	24	97

IP_CORE
8	612	196	0.0	6	25
16	2160	412	0.0	6	49
32	7660	874	0.0	24	97

Direct VHDL
8	548	516	0.0	0	25
16	2094	1944	0.0	0	49
32	7473	7217	0.0	0	97




IP_Core 16bit without registers
Frequency(MHz)	WNS(ns)	Power(W)	Junc_temp(C)	LUT	FF	BRAM	DSP	IO
10	40.136	0.114	26.3	2099	412	0.0	0	49
50	0.097	0.123	26.4	2101	412	0.0	0	49
100	-30.875	0.196	27.3	2161	412	0.0	0	49	
200	-35.682	0.290	28.3	2162	412	0.0	0	49	
300	-37.748	0.383	29.4	2162	412	0.0	0	49
400	-38.862	0.476	30.5	2162	412	0.0	0	49
500	-39.292	0.569	31.6	2162	412	0.0	0	49