0.000000e+00
0.000000e+00
0.000000e+00
0.000000e+00
0.000000e+00
0.000000e+00
0.000000e+00
0.000000e+00
0.000000e+00
0.000000e+00
0.000000e+00
0.000000e+00
0.000000e+00
0.000000e+00
0.000000e+00
-4.000000e+00
-4.000000e+00
-4.000000e+00
-4.000000e+00
0.000000e+00
0.000000e+00
0.000000e+00
0.000000e+00
0.000000e+00
0.000000e+00
0.000000e+00
0.000000e+00
0.000000e+00
0.000000e+00
0.000000e+00
0.000000e+00
0.000000e+00
0.000000e+00
0.000000e+00
0.000000e+00
0.000000e+00
-4.000000e+00
-4.000000e+00
0.000000e+00
-4.000000e+00
0.000000e+00
3.999023e+00
3.999023e+00
3.999023e+00
3.999023e+00
0.000000e+00
3.999023e+00
4.296875e-02
4.296875e-02
4.296875e-02
0.000000e+00
0.000000e+00
-1.506348e+00
-2.085449e+00
4.790039e-01
4.970703e-01
5.146484e-01
5.322266e-01
5.483398e-01
5.644531e-01
5.795898e-01
5.942383e-01
6.083984e-01
6.210938e-01
6.337891e-01
6.459961e-01
6.572266e-01
6.674805e-01
6.777344e-01
6.865234e-01
6.953125e-01
7.036133e-01
7.109375e-01
7.172852e-01
7.231445e-01
7.285156e-01
7.333984e-01
7.373047e-01
7.407227e-01
7.436523e-01
7.451172e-01
7.470703e-01
7.480469e-01
7.480469e-01
7.475586e-01
7.470703e-01
7.451172e-01
7.426758e-01
7.402344e-01
7.368164e-01
7.329102e-01
7.280273e-01
7.231445e-01
7.172852e-01
7.109375e-01
7.045898e-01
6.967773e-01
6.889648e-01
6.806641e-01
6.723633e-01
6.625977e-01
6.523438e-01
6.420898e-01
6.318359e-01
6.201172e-01
6.083984e-01
5.961914e-01
5.834961e-01
5.703125e-01
5.571289e-01
5.429688e-01
5.292969e-01
5.141602e-01
4.995117e-01
4.838867e-01
4.682617e-01
4.526367e-01
4.360352e-01
4.194336e-01
4.023438e-01
3.852539e-01
3.681641e-01
3.500977e-01
3.320313e-01
3.139648e-01
2.954102e-01
2.768555e-01
2.583008e-01
2.392578e-01
2.202148e-01
2.006836e-01
1.816406e-01
1.616211e-01
1.420898e-01
1.225586e-01
1.025391e-01
8.251953e-02
6.298828e-02
4.296875e-02
2.294922e-02
2.929688e-03
-1.708984e-02
-3.710938e-02
-5.712891e-02
-7.666016e-02
-9.716797e-02
-1.166992e-01
-1.362305e-01
-1.557617e-01
-1.752930e-01
-1.943359e-01
-2.138672e-01
-2.329102e-01
-2.519531e-01
-2.705078e-01
-2.890625e-01
-3.071289e-01
-3.251953e-01
-3.432617e-01
-3.603516e-01
-3.774414e-01
-3.945313e-01
-4.111328e-01
-4.277344e-01
-4.438477e-01
-4.594727e-01
-4.750977e-01
-4.902344e-01
-5.048828e-01
-5.195313e-01
-5.332031e-01
-5.468750e-01
-5.600586e-01
-5.722656e-01
-5.849609e-01
-5.966797e-01
-6.079102e-01
-6.191406e-01
-6.293945e-01
-6.396484e-01
-6.494141e-01
-6.582031e-01
-6.665039e-01
-6.748047e-01
-6.821289e-01
-6.889648e-01
-6.953125e-01
-7.011719e-01
-7.065430e-01
-7.114258e-01
-7.153320e-01
-7.187500e-01
-7.221680e-01
-7.246094e-01
-7.260742e-01
-7.275391e-01
-7.275391e-01
-7.280273e-01
-7.270508e-01
-7.260742e-01
-7.241211e-01
-7.216797e-01
-7.182617e-01
-7.148438e-01
-7.099609e-01
-7.045898e-01
-6.987305e-01
-6.923828e-01
-6.855469e-01
-6.777344e-01
-6.694336e-01
-6.601563e-01
-6.503906e-01
-6.401367e-01
-6.293945e-01
-6.176758e-01
-6.054688e-01
-5.917969e-01
-5.781250e-01
-5.629883e-01
-5.454102e-01
-5.302734e-01
-5.112305e-01
-4.951172e-01
-4.736328e-01
-4.575195e-01
-4.340820e-01
-4.169922e-01
-3.959961e-01
-3.745117e-01
-3.525391e-01
-3.295898e-01
-3.061523e-01
-2.817383e-01
-2.573242e-01
-2.319336e-01
-2.060547e-01
-1.791992e-01
-1.523438e-01
-1.245117e-01
-9.667969e-02
-6.738281e-02
-3.857422e-02
-8.789063e-03
2.148438e-02
5.224609e-02
8.349609e-02
1.157227e-01
1.479492e-01
1.801758e-01
2.138672e-01
2.475586e-01
2.812500e-01
3.164063e-01
3.510742e-01
3.862305e-01
4.218750e-01
4.584961e-01
4.946289e-01
5.317383e-01
5.688477e-01
6.064453e-01
6.445313e-01
6.826172e-01
7.211914e-01
7.597656e-01
7.988281e-01
8.383789e-01
8.774414e-01
9.174805e-01
9.575195e-01
9.975586e-01
1.038086e+00
1.078613e+00
1.119141e+00
1.160156e+00
1.200684e+00
1.241699e+00
1.282715e+00
1.324219e+00
1.365234e+00
1.406738e+00
1.448242e+00
1.489258e+00
1.530762e+00
1.572266e+00
1.613281e+00
1.654785e+00
1.696289e+00
1.737305e+00
1.777832e+00
1.819336e+00
1.859375e+00
1.900391e+00
1.940918e+00
1.980957e+00
2.021484e+00
2.061035e+00
2.101074e+00
2.140137e+00
2.179199e+00
2.218750e+00
2.256836e+00
2.295410e+00
2.333496e+00
2.370605e+00
2.408203e+00
2.445313e+00
2.481445e+00
2.517578e+00
2.553711e+00
2.588867e+00
2.623535e+00
2.658203e+00
2.691895e+00
2.725586e+00
2.758301e+00
2.791016e+00
2.822754e+00
2.854492e+00
2.884766e+00
2.915039e+00
2.944824e+00
2.973633e+00
3.002441e+00
3.030273e+00
3.057617e+00
3.083496e+00
3.109863e+00
3.135254e+00
3.159180e+00
3.183105e+00
3.206543e+00
3.228516e+00
3.250000e+00
3.271484e+00
3.291504e+00
3.310547e+00
3.329590e+00
3.347168e+00
3.364258e+00
3.380371e+00
3.395996e+00
3.410156e+00
3.424316e+00
3.437500e+00
3.449219e+00
3.460449e+00
3.470703e+00
3.480469e+00
3.489258e+00
3.497070e+00
3.503418e+00
3.509766e+00
3.514648e+00
3.518555e+00
3.521973e+00
3.524414e+00
3.525879e+00
3.526367e+00
3.525879e+00
3.524414e+00
3.521973e+00
3.519043e+00
3.515137e+00
3.509766e+00
3.503418e+00
3.497070e+00
3.488770e+00
3.479980e+00
3.470215e+00
3.459473e+00
3.447754e+00
3.435059e+00
3.421875e+00
3.407227e+00
3.391113e+00
3.375000e+00
3.357910e+00
3.339355e+00
3.320313e+00
3.300293e+00
3.278809e+00
3.256836e+00
3.233887e+00
3.210449e+00
3.185547e+00
3.160156e+00
3.133301e+00
3.105957e+00
3.077637e+00
3.048340e+00
3.018555e+00
2.987305e+00
2.955566e+00
2.923340e+00
2.889648e+00
2.855469e+00
2.820313e+00
2.784180e+00
2.747559e+00
2.710449e+00
2.671875e+00
2.632813e+00
2.592773e+00
2.552246e+00
2.511230e+00
2.468750e+00
2.426270e+00
2.382324e+00
2.338379e+00
2.293457e+00
2.248047e+00
2.202148e+00
2.154785e+00
2.107422e+00
2.059570e+00
2.010742e+00
1.960938e+00
1.911621e+00
1.860840e+00
1.809570e+00
1.758301e+00
1.706055e+00
1.653809e+00
1.600586e+00
1.546875e+00
1.493164e+00
1.438477e+00
1.383789e+00
1.328613e+00
1.272949e+00
1.216797e+00
1.160645e+00
1.103516e+00
1.046387e+00
9.892578e-01
9.311523e-01
8.735352e-01
8.149414e-01
7.568359e-01
6.982422e-01
6.396484e-01
5.800781e-01
5.209961e-01
4.614258e-01
4.018555e-01
3.422852e-01
2.827148e-01
2.226563e-01
1.630859e-01
1.030273e-01
4.296875e-02
-1.708984e-02
-7.714844e-02
-1.372070e-01
-1.972656e-01
-2.568359e-01
-3.168945e-01
-3.764648e-01
-4.360352e-01
-4.951172e-01
-5.546875e-01
-6.137695e-01
-6.728516e-01
-7.314453e-01
-7.900391e-01
-8.486328e-01
-9.062500e-01
-9.643555e-01
-1.021484e+00
-1.078613e+00
-1.135742e+00
-1.191895e+00
-1.248047e+00
-1.303711e+00
-1.358887e+00
-1.414063e+00
-1.468750e+00
-1.522461e+00
-1.576660e+00
-1.629395e+00
-1.682617e+00
-1.734375e+00
-1.786133e+00
-1.837402e+00
-1.887695e+00
-1.937500e+00
-1.987305e+00
-2.035645e+00
-2.084473e+00
-2.131836e+00
-2.179199e+00
-2.225098e+00
-2.270996e+00
-2.315918e+00
-2.360352e+00
-2.403809e+00
-2.446777e+00
-2.489258e+00
-2.530273e+00
-2.571289e+00
-2.611328e+00
-2.650391e+00
-2.688965e+00
-2.727051e+00
-2.763672e+00
-2.799316e+00
-2.835449e+00
-2.869141e+00
-2.903320e+00
-2.935547e+00
-2.968262e+00
-2.999023e+00
-3.029297e+00
-3.058594e+00
-3.087402e+00
-3.114746e+00
-3.141602e+00
-3.166992e+00
-3.191895e+00
-3.215820e+00
-3.239258e+00
-3.261719e+00
-3.282715e+00
-3.303223e+00
-3.322266e+00
-3.341309e+00
-3.358887e+00
-3.375488e+00
-3.390625e+00
-3.405762e+00
0.000000e+00
-3.433105e+00
-3.445313e+00
-3.458008e+00
-3.466797e+00
-3.478027e+00
-3.484375e+00
-3.494629e+00
-3.498535e+00
-3.507813e+00
-3.508789e+00
-3.517090e+00
-3.515137e+00
-3.522461e+00
-3.518066e+00
-3.524414e+00
-3.517090e+00
-3.522461e+00
-3.512695e+00
-3.516602e+00
-3.504395e+00
-3.507324e+00
-3.500977e+00
-3.494629e+00
-3.486328e+00
-3.478027e+00
-3.468750e+00
-3.458008e+00
-3.446777e+00
-3.434570e+00
-3.421387e+00
-3.407715e+00
-3.393555e+00
-3.377930e+00
-3.361328e+00
-3.344727e+00
-3.326660e+00
-3.308105e+00
-3.288574e+00
-3.268555e+00
-3.247559e+00
-3.226074e+00
-3.203613e+00
-3.180664e+00
-3.156738e+00
-3.131836e+00
-3.106934e+00
-3.081055e+00
-3.054688e+00
-3.027344e+00
-2.999512e+00
-2.971191e+00
-2.941895e+00
-2.912109e+00
-2.881836e+00
-2.851074e+00
-2.819824e+00
-2.788086e+00
-2.755371e+00
-2.722656e+00
-2.689453e+00
-2.655273e+00
-2.621094e+00
-2.585938e+00
-2.550781e+00
-2.515137e+00
-2.479004e+00
-2.442383e+00
-2.405273e+00
-2.368164e+00
-2.330566e+00
-2.292480e+00
-2.254395e+00
-2.215820e+00
-2.176758e+00
-2.137695e+00
-2.098145e+00
-2.058594e+00
-2.018555e+00
0.000000e+00
-1.938477e+00
-1.897461e+00
-1.857910e+00
-1.816406e+00
-1.776367e+00
-1.734375e+00
-1.694824e+00
-1.651855e+00
-1.612793e+00
-1.569336e+00
-1.530273e+00
-1.486816e+00
-1.448242e+00
-1.403809e+00
-1.365723e+00
-1.321289e+00
-1.283691e+00
-1.242676e+00
-1.201660e+00
-1.161133e+00
-1.120605e+00
-1.080078e+00
-1.039551e+00
-9.995117e-01
-9.594727e-01
-9.199219e-01
-8.803711e-01
-8.408203e-01
-8.017578e-01
-7.631836e-01
-7.246094e-01
-6.860352e-01
-6.479492e-01
-6.108398e-01
-5.732422e-01
-5.361328e-01
-4.995117e-01
-4.633789e-01
-4.267578e-01
-3.911133e-01
-3.564453e-01
-3.217773e-01
-2.875977e-01
-2.529297e-01
-2.202148e-01
-1.870117e-01
-1.542969e-01
-1.220703e-01
-9.033203e-02
-5.957031e-02
-2.880859e-02
9.765625e-04
3.076172e-02
6.005859e-02
8.837891e-02
1.162109e-01
1.440430e-01
1.704102e-01
1.967773e-01
2.226563e-01
2.475586e-01
2.724609e-01
2.963867e-01
3.193359e-01
3.422852e-01
3.642578e-01
3.857422e-01
4.067383e-01
4.267578e-01
4.462891e-01
4.658203e-01
4.838867e-01
5.014648e-01
5.185547e-01
5.346680e-01
5.502930e-01
5.659180e-01
5.800781e-01
5.937500e-01
6.069336e-01
6.191406e-01
6.313477e-01
6.420898e-01
6.528320e-01
6.625977e-01
6.713867e-01
6.796875e-01
6.879883e-01
6.953125e-01
7.016602e-01
7.075195e-01
7.124023e-01
7.172852e-01
7.211914e-01
7.241211e-01
7.270508e-01
7.290039e-01
7.299805e-01
7.314453e-01
7.309570e-01
7.309570e-01
7.294922e-01
7.280273e-01
7.255859e-01
7.226563e-01
7.192383e-01
7.153320e-01
7.104492e-01
7.050781e-01
6.997070e-01
6.928711e-01
6.865234e-01
6.787109e-01
6.708984e-01
6.621094e-01
6.538086e-01
6.445313e-01
6.337891e-01
6.235352e-01
6.127930e-01
6.015625e-01
5.893555e-01
5.776367e-01
5.644531e-01
5.512695e-01
5.380859e-01
5.239258e-01
5.097656e-01
4.951172e-01
4.799805e-01
4.648438e-01
4.487305e-01
4.331055e-01
4.165039e-01
3.999023e-01
3.828125e-01
3.657227e-01
3.481445e-01
3.305664e-01
3.125000e-01
2.939453e-01
2.758789e-01
2.568359e-01
2.382813e-01
2.197266e-01
2.001953e-01
1.806641e-01
1.616211e-01
1.420898e-01
1.220703e-01
1.025391e-01
8.251953e-02
6.250000e-02
4.296875e-02
2.294922e-02
2.929688e-03
-1.708984e-02
-3.710938e-02
-5.712891e-02
-7.714844e-02
-9.667969e-02
-1.166992e-01
-1.367188e-01
-1.562500e-01
-1.757813e-01
-1.953125e-01
-2.143555e-01
-2.333984e-01
-2.529297e-01
-2.714844e-01
-2.905273e-01
-3.085938e-01
-3.271484e-01
-3.447266e-01
-3.627930e-01
-3.803711e-01
-3.969727e-01
-4.140625e-01
-4.306641e-01
-4.467773e-01
-4.633789e-01
-4.790039e-01
-4.941406e-01
-5.097656e-01
-5.239258e-01
-5.385742e-01
-5.522461e-01
-5.659180e-01
-5.791016e-01
-5.913086e-01
-6.035156e-01
-6.157227e-01
-6.264648e-01
-6.376953e-01
-6.479492e-01
-6.582031e-01
-6.674805e-01
-6.767578e-01
-6.845703e-01
-6.928711e-01
-7.001953e-01
-7.070313e-01
-7.133789e-01
-7.187500e-01
-7.241211e-01
-7.290039e-01
-7.329102e-01
-7.363281e-01
-7.392578e-01
-7.416992e-01
-7.431641e-01
-7.446289e-01
-7.446289e-01
-7.446289e-01
-7.436523e-01
-7.426758e-01
-7.407227e-01
-7.377930e-01
-7.343750e-01
-7.309570e-01
-7.260742e-01
-7.207031e-01
-7.143555e-01
-7.080078e-01
-7.006836e-01
-6.933594e-01
-6.845703e-01
-6.752930e-01
-6.655273e-01
-6.547852e-01
-6.440430e-01
-6.323242e-01
-6.196289e-01
-6.064453e-01
-5.922852e-01
-5.756836e-01
-5.610352e-01
-5.419922e-01
-5.263672e-01
-1.479004e+00
-1.506348e+00
-1.506348e+00
-1.533203e+00
4.790039e-01
4.970703e-01
5.146484e-01
5.322266e-01
5.483398e-01
5.644531e-01
5.795898e-01
5.942383e-01
6.083984e-01
6.210938e-01
6.337891e-01
6.459961e-01
6.572266e-01
6.674805e-01
6.777344e-01
6.865234e-01
6.953125e-01
7.036133e-01
7.109375e-01
7.172852e-01
7.231445e-01
7.285156e-01
7.333984e-01
7.373047e-01
7.407227e-01
7.436523e-01
7.451172e-01
7.470703e-01
7.480469e-01
7.480469e-01
7.475586e-01
7.470703e-01
7.451172e-01
7.426758e-01
7.402344e-01
7.368164e-01
7.329102e-01
7.280273e-01
7.231445e-01
7.172852e-01
7.109375e-01
7.045898e-01
6.967773e-01
6.889648e-01
6.806641e-01
6.723633e-01
6.625977e-01
6.523438e-01
6.420898e-01
6.318359e-01
6.201172e-01
6.083984e-01
5.961914e-01
5.834961e-01
5.703125e-01
5.571289e-01
5.429688e-01
5.292969e-01
5.141602e-01
4.995117e-01
4.838867e-01
4.682617e-01
4.526367e-01
4.360352e-01
4.194336e-01
4.023438e-01
3.852539e-01
3.681641e-01
3.500977e-01
3.320313e-01
3.139648e-01
2.954102e-01
2.768555e-01
2.583008e-01
2.392578e-01
2.202148e-01
2.006836e-01
1.816406e-01
1.616211e-01
1.420898e-01
1.225586e-01
1.025391e-01
8.251953e-02
6.298828e-02
4.296875e-02
2.294922e-02
2.929688e-03
-1.708984e-02
-3.710938e-02
-5.712891e-02
-7.666016e-02
-9.716797e-02
-1.166992e-01
-1.362305e-01
-1.557617e-01
-1.752930e-01
-1.943359e-01
-2.138672e-01
-2.329102e-01
-2.519531e-01
-2.705078e-01
-2.890625e-01
-3.071289e-01
-3.251953e-01
-3.432617e-01
-3.603516e-01
-3.774414e-01
-3.945313e-01
-4.111328e-01
-4.277344e-01
-4.438477e-01
-4.594727e-01
-4.750977e-01
-4.902344e-01
-5.048828e-01
-5.195313e-01
-5.332031e-01
-5.468750e-01
-5.600586e-01
-5.722656e-01
-5.849609e-01
-5.966797e-01
-6.079102e-01
-6.191406e-01
-6.293945e-01
-6.396484e-01
-6.494141e-01
-6.582031e-01
-6.665039e-01
-6.748047e-01
-6.821289e-01
-6.889648e-01
-6.953125e-01
-7.011719e-01
-7.065430e-01
-7.114258e-01
-7.153320e-01
-7.187500e-01
-7.221680e-01
-7.246094e-01
-7.260742e-01
-7.275391e-01
-7.275391e-01
-7.280273e-01
-7.270508e-01
-7.260742e-01
-7.241211e-01
-7.216797e-01
-7.182617e-01
-7.148438e-01
-7.099609e-01
-7.045898e-01
-6.987305e-01
-6.923828e-01
-6.855469e-01
