0.000000e+00
0.000000e+00
0.000000e+00
0.000000e+00
0.000000e+00
0.000000e+00
0.000000e+00
0.000000e+00
0.000000e+00
0.000000e+00
0.000000e+00
0.000000e+00
0.000000e+00
0.000000e+00
0.000000e+00
-6.835938e-03
0.000000e+00
-6.835938e-03
-6.835938e-03
-6.835938e-03
0.000000e+00
0.000000e+00
0.000000e+00
0.000000e+00
0.000000e+00
0.000000e+00
0.000000e+00
0.000000e+00
0.000000e+00
0.000000e+00
0.000000e+00
0.000000e+00
0.000000e+00
0.000000e+00
0.000000e+00
0.000000e+00
0.000000e+00
-4.687500e-02
-6.835938e-03
0.000000e+00
0.000000e+00
-6.835938e-03
0.000000e+00
0.000000e+00
-4.003906e-02
-4.003906e-02
-4.003906e-02
-4.003906e-02
0.000000e+00
-4.003906e-02
3.999023e+00
3.999023e+00
3.999023e+00
0.000000e+00
0.000000e+00
7.084961e-01
-3.223145e+00
-1.600586e+00
-1.576172e+00
-1.550781e+00
-1.525879e+00
-1.500488e+00
-1.474609e+00
-1.449219e+00
-1.423340e+00
-1.396973e+00
-1.371582e+00
-1.345215e+00
-1.318359e+00
-1.291992e+00
-1.265625e+00
-1.239258e+00
-1.212402e+00
-1.185547e+00
-1.159180e+00
-1.132813e+00
-1.105957e+00
-1.079102e+00
-1.052734e+00
-1.026367e+00
-1.000000e+00
-9.736328e-01
-9.472656e-01
-9.213867e-01
-8.950195e-01
-8.696289e-01
-8.437500e-01
-8.183594e-01
-7.929688e-01
-7.680664e-01
-7.431641e-01
-7.182617e-01
-6.943359e-01
-6.699219e-01
-6.459961e-01
-6.220703e-01
-5.986328e-01
-5.756836e-01
-5.532227e-01
-5.307617e-01
-5.087891e-01
-4.863281e-01
-4.653320e-01
-4.443359e-01
-4.233398e-01
-4.033203e-01
-3.833008e-01
-3.637695e-01
-3.447266e-01
-3.261719e-01
-3.081055e-01
-2.905273e-01
-2.729492e-01
-2.563477e-01
-2.402344e-01
-2.241211e-01
-2.089844e-01
-1.938477e-01
-1.796875e-01
-1.655273e-01
-1.523438e-01
-1.396484e-01
-1.269531e-01
-1.152344e-01
-1.044922e-01
-9.375000e-02
-8.349609e-02
-7.421875e-02
-6.494141e-02
-5.664063e-02
-4.882813e-02
-4.150391e-02
-3.466797e-02
-2.880859e-02
-2.343750e-02
-1.855469e-02
-1.367188e-02
-9.765625e-03
-6.835938e-03
-4.882813e-03
-2.929688e-03
-9.765625e-04
-4.882813e-04
-4.882813e-04
-4.882813e-04
-1.464844e-03
-3.417969e-03
-5.859375e-03
-8.789063e-03
-1.220703e-02
-1.611328e-02
-2.099609e-02
-2.587891e-02
-3.173828e-02
-3.808594e-02
-4.492188e-02
-5.273438e-02
-6.054688e-02
-6.982422e-02
-7.861328e-02
-8.886719e-02
-9.863281e-02
-1.098633e-01
-1.215820e-01
-1.333008e-01
-1.459961e-01
-1.586914e-01
-1.723633e-01
-1.865234e-01
-2.011719e-01
-2.163086e-01
-2.314453e-01
-2.475586e-01
-2.641602e-01
-2.812500e-01
-2.988281e-01
-3.168945e-01
-3.349609e-01
-3.540039e-01
-3.730469e-01
-3.925781e-01
-4.130859e-01
-4.331055e-01
-4.541016e-01
-4.750977e-01
-4.965820e-01
-5.185547e-01
-5.405273e-01
-5.629883e-01
-5.859375e-01
-6.088867e-01
-6.323242e-01
-6.557617e-01
-6.801758e-01
-7.041016e-01
-7.285156e-01
-7.534180e-01
-7.783203e-01
-8.032227e-01
-8.286133e-01
-8.540039e-01
-8.793945e-01
-9.052734e-01
-9.311523e-01
-9.570313e-01
-9.833984e-01
-1.009766e+00
-1.035645e+00
-1.062012e+00
-1.088379e+00
-1.114746e+00
-1.141113e+00
-1.167969e+00
-1.193848e+00
-1.220703e+00
-1.247070e+00
-1.273438e+00
-1.299805e+00
-1.325684e+00
-1.352051e+00
-1.377930e+00
-1.403809e+00
-1.476074e+00
-1.520996e+00
-1.526367e+00
-1.571777e+00
-1.576660e+00
-1.621094e+00
-1.625488e+00
-1.669434e+00
-1.674316e+00
-1.697754e+00
-1.720703e+00
-1.744141e+00
-1.766602e+00
-1.788574e+00
-1.811035e+00
-1.832031e+00
-1.853516e+00
-1.874512e+00
-1.894531e+00
-1.915039e+00
-1.934570e+00
-1.953613e+00
-1.972168e+00
-1.990234e+00
-2.007813e+00
-2.025391e+00
-2.041992e+00
-2.058105e+00
-2.073730e+00
-2.088867e+00
-2.103027e+00
-2.117188e+00
-2.130371e+00
-2.143066e+00
-2.155273e+00
-2.166992e+00
-2.177734e+00
-2.187988e+00
-2.197754e+00
-2.207031e+00
-2.215332e+00
-2.222656e+00
-2.229492e+00
-2.235840e+00
-2.241699e+00
-2.246582e+00
-2.250977e+00
-2.254395e+00
-2.257324e+00
-2.258789e+00
-2.260254e+00
-2.260742e+00
-2.260742e+00
-2.259766e+00
-2.257813e+00
-2.255371e+00
-2.251953e+00
-2.248047e+00
-2.243164e+00
-2.237793e+00
-2.230957e+00
-2.224121e+00
-2.215820e+00
-2.207520e+00
-2.197754e+00
-2.187500e+00
-2.176270e+00
-2.164063e+00
-2.151855e+00
-2.138184e+00
-2.123535e+00
-2.108398e+00
-2.092285e+00
-2.075684e+00
-2.057617e+00
-2.039551e+00
-2.020020e+00
-2.000000e+00
-1.979004e+00
-1.957520e+00
-1.935547e+00
-1.912598e+00
-1.888184e+00
-1.863281e+00
-1.837891e+00
-1.811523e+00
-1.784180e+00
-1.756348e+00
-1.728027e+00
-1.698242e+00
-1.667969e+00
-1.637207e+00
-1.605469e+00
-1.573242e+00
-1.540039e+00
-1.506348e+00
-1.472168e+00
-1.437012e+00
-1.400879e+00
-1.364258e+00
-1.327148e+00
-1.289063e+00
-1.250488e+00
-1.210938e+00
-1.171387e+00
-1.130371e+00
-1.089355e+00
-1.047852e+00
-1.005371e+00
-9.624023e-01
-9.189453e-01
-8.745117e-01
-8.300781e-01
-7.846680e-01
-7.392578e-01
-6.933594e-01
-6.464844e-01
-5.991211e-01
-5.517578e-01
-5.034180e-01
-4.550781e-01
-4.062500e-01
-3.569336e-01
-3.066406e-01
-2.563477e-01
-2.060547e-01
-1.552734e-01
-1.040039e-01
-5.224609e-02
-4.882813e-04
5.175781e-02
1.044922e-01
1.572266e-01
2.099609e-01
2.631836e-01
3.168945e-01
3.701172e-01
4.243164e-01
4.785156e-01
5.327148e-01
5.869141e-01
6.416016e-01
6.958008e-01
7.504883e-01
8.051758e-01
8.598633e-01
9.145508e-01
9.692383e-01
1.024414e+00
1.078613e+00
1.133789e+00
1.188477e+00
1.243164e+00
1.297363e+00
1.352051e+00
1.406250e+00
1.460449e+00
1.514160e+00
1.567871e+00
1.621582e+00
1.675293e+00
1.728516e+00
1.781250e+00
1.833984e+00
1.886230e+00
1.938477e+00
1.990234e+00
2.041504e+00
2.092773e+00
2.143555e+00
2.193848e+00
2.243652e+00
2.293457e+00
2.342773e+00
2.391113e+00
2.439453e+00
2.487305e+00
2.534180e+00
2.581055e+00
2.627441e+00
2.672852e+00
2.718262e+00
2.763184e+00
2.806641e+00
2.850098e+00
2.892578e+00
2.935059e+00
2.976563e+00
3.017090e+00
3.057129e+00
3.096680e+00
3.135254e+00
3.173828e+00
3.210938e+00
3.247559e+00
3.283691e+00
3.318359e+00
3.353027e+00
3.386719e+00
3.419434e+00
3.451172e+00
3.482422e+00
3.512695e+00
3.541992e+00
3.570801e+00
3.598633e+00
3.625488e+00
3.651367e+00
3.676758e+00
3.700684e+00
3.724121e+00
3.746582e+00
3.768066e+00
3.789063e+00
3.808594e+00
3.827148e+00
3.845215e+00
3.862305e+00
3.877930e+00
3.893066e+00
3.906738e+00
3.919922e+00
3.932129e+00
3.943359e+00
3.953125e+00
3.962402e+00
3.970215e+00
3.977539e+00
3.983887e+00
3.988770e+00
3.992676e+00
3.996094e+00
3.998535e+00
3.999023e+00
3.999512e+00
3.998535e+00
3.997070e+00
3.994141e+00
3.989746e+00
3.985352e+00
3.979004e+00
3.972656e+00
3.964844e+00
3.956055e+00
3.945801e+00
3.935547e+00
3.923828e+00
3.910645e+00
3.897461e+00
3.882324e+00
3.867188e+00
3.850098e+00
3.833008e+00
3.814453e+00
3.794922e+00
3.774414e+00
3.753418e+00
3.731445e+00
3.708008e+00
3.684082e+00
3.659180e+00
3.633301e+00
3.606934e+00
3.579590e+00
3.551270e+00
3.521484e+00
3.491699e+00
3.460938e+00
3.429199e+00
3.396484e+00
3.363281e+00
3.329590e+00
3.294434e+00
3.258789e+00
3.222656e+00
3.185059e+00
3.147461e+00
3.108887e+00
3.069824e+00
3.029785e+00
2.989258e+00
2.948242e+00
2.906250e+00
2.863770e+00
2.820801e+00
2.776855e+00
2.732910e+00
2.687500e+00
2.642090e+00
2.596191e+00
2.549805e+00
2.502930e+00
2.455566e+00
2.407227e+00
2.358887e+00
2.310059e+00
2.260254e+00
2.210449e+00
2.160645e+00
2.109863e+00
2.059082e+00
2.007813e+00
1.956543e+00
1.904297e+00
1.852539e+00
1.799805e+00
1.746582e+00
1.693848e+00
1.640625e+00
1.587402e+00
1.533691e+00
1.479492e+00
1.425781e+00
0.000000e+00
1.351074e+00
1.276367e+00
1.242188e+00
1.167480e+00
1.132813e+00
1.058105e+00
1.023438e+00
9.487305e-01
9.140625e-01
8.393555e-01
8.041992e-01
7.304688e-01
6.953125e-01
6.215820e-01
5.864258e-01
5.131836e-01
4.780273e-01
4.052734e-01
3.701172e-01
2.983398e-01
2.626953e-01
2.099609e-01
1.567383e-01
1.040039e-01
5.175781e-02
0.000000e+00
-5.224609e-02
-1.040039e-01
-1.552734e-01
-2.060547e-01
-2.568359e-01
-3.066406e-01
-3.564453e-01
-4.057617e-01
-4.545898e-01
-5.029297e-01
-5.512695e-01
-5.986328e-01
-6.459961e-01
-6.923828e-01
-7.387695e-01
-7.841797e-01
-8.295898e-01
-8.735352e-01
-9.179688e-01
-9.614258e-01
-1.004395e+00
-1.046875e+00
-1.088379e+00
-1.129395e+00
-1.169922e+00
-1.209473e+00
-1.249023e+00
-1.287109e+00
-1.325195e+00
-1.362305e+00
-1.398926e+00
-1.434570e+00
-1.469727e+00
-1.504395e+00
-1.538086e+00
-1.570801e+00
-1.603516e+00
-1.634766e+00
-1.666016e+00
-1.696289e+00
-1.725098e+00
-1.753906e+00
-1.781738e+00
-1.809082e+00
-1.834961e+00
-1.860352e+00
-1.885254e+00
-1.909180e+00
-1.932617e+00
-1.954590e+00
-1.976563e+00
-1.997070e+00
0.000000e+00
-2.022461e+00
-2.061035e+00
-2.058594e+00
-2.095703e+00
-2.091309e+00
-2.125977e+00
-2.120605e+00
-2.154297e+00
-2.146973e+00
-2.179199e+00
-2.170410e+00
-2.200195e+00
-2.189941e+00
-2.218262e+00
-2.206543e+00
-2.233398e+00
-2.220215e+00
-2.225586e+00
-2.230469e+00
-2.234863e+00
-2.237793e+00
-2.240234e+00
-2.242188e+00
-2.242676e+00
-2.243164e+00
-2.242676e+00
-2.241211e+00
-2.239258e+00
-2.236328e+00
-2.232910e+00
-2.228516e+00
-2.223633e+00
-2.218262e+00
-2.211426e+00
-2.204590e+00
-2.196777e+00
-2.188965e+00
-2.180176e+00
-2.170410e+00
-2.159668e+00
-2.148926e+00
-2.137695e+00
-2.125488e+00
-2.112793e+00
-2.099609e+00
-2.085449e+00
-2.070801e+00
-2.056152e+00
-2.040527e+00
-2.024414e+00
-2.007813e+00
-1.990723e+00
-1.973145e+00
-1.955078e+00
-1.936523e+00
-1.917480e+00
-1.897949e+00
-1.877930e+00
-1.857910e+00
-1.836914e+00
-1.815430e+00
-1.794434e+00
-1.772461e+00
-1.750000e+00
-1.727051e+00
-1.704590e+00
-1.681152e+00
-1.657715e+00
-1.634277e+00
-1.609863e+00
-1.585449e+00
-1.561035e+00
-1.536133e+00
-1.511230e+00
-1.485840e+00
-1.460449e+00
-1.434570e+00
-1.409180e+00
-1.383301e+00
-1.357422e+00
-1.331543e+00
-1.305176e+00
-1.278320e+00
-1.252441e+00
-1.226074e+00
-1.199707e+00
-1.172852e+00
-1.146484e+00
-1.120117e+00
-1.093750e+00
-1.066895e+00
-1.040527e+00
-1.014648e+00
-9.882813e-01
-9.619141e-01
-9.360352e-01
-9.101563e-01
-8.842773e-01
-8.583984e-01
-8.334961e-01
-8.076172e-01
-7.827148e-01
-7.578125e-01
-7.329102e-01
-7.084961e-01
-6.845703e-01
-6.606445e-01
-6.367188e-01
-6.127930e-01
-5.898438e-01
-5.668945e-01
-5.444336e-01
-5.224609e-01
-5.004883e-01
-4.785156e-01
-4.575195e-01
-4.365234e-01
-4.160156e-01
-3.959961e-01
-3.759766e-01
-3.569336e-01
-3.378906e-01
-3.198242e-01
-3.017578e-01
-2.841797e-01
-2.670898e-01
-2.504883e-01
-2.343750e-01
-2.187500e-01
-2.036133e-01
-1.889648e-01
-1.748047e-01
-1.611328e-01
-1.479492e-01
-1.352539e-01
-1.230469e-01
-1.113281e-01
-1.005859e-01
-9.033203e-02
-8.007813e-02
-7.128906e-02
-6.201172e-02
-5.419922e-02
-4.638672e-02
-3.906250e-02
-3.271484e-02
-2.685547e-02
-2.148438e-02
-1.708984e-02
-1.269531e-02
-8.789063e-03
-5.859375e-03
-3.906250e-03
-2.441406e-03
-9.765625e-04
-4.882813e-04
-4.882813e-04
-9.765625e-04
-1.953125e-03
-3.906250e-03
-6.835938e-03
-9.765625e-03
-1.367188e-02
-1.757813e-02
-2.246094e-02
-2.783203e-02
-3.417969e-02
-4.003906e-02
-4.785156e-02
-5.517578e-02
-6.347656e-02
-7.275391e-02
-8.203125e-02
-9.228516e-02
-1.025391e-01
-1.137695e-01
-1.254883e-01
-1.376953e-01
-1.503906e-01
-1.635742e-01
-1.772461e-01
-1.914063e-01
-2.065430e-01
-2.216797e-01
-2.373047e-01
-2.534180e-01
-2.700195e-01
-2.875977e-01
-3.051758e-01
-3.232422e-01
-3.417969e-01
-3.608398e-01
-3.803711e-01
-3.999023e-01
-4.204102e-01
-4.409180e-01
-4.619141e-01
-4.833984e-01
-5.048828e-01
-5.268555e-01
-5.493164e-01
-5.717773e-01
-5.947266e-01
-6.181641e-01
-6.416016e-01
-6.655273e-01
-6.894531e-01
-7.143555e-01
-7.382813e-01
-7.636719e-01
-7.885742e-01
-8.139648e-01
-8.393555e-01
-8.647461e-01
-8.906250e-01
-9.165039e-01
-9.423828e-01
-9.687500e-01
-9.951172e-01
-1.021484e+00
-1.047852e+00
-1.074219e+00
-1.100586e+00
-1.127441e+00
-1.153809e+00
-1.180664e+00
-1.207031e+00
-1.233398e+00
-1.260742e+00
-1.286621e+00
-1.313477e+00
-1.339355e+00
-1.365723e+00
-1.392090e+00
-1.417969e+00
-1.510254e+00
-1.515625e+00
-1.561035e+00
-1.566406e+00
7.231445e-01
7.084961e-01
7.084961e-01
6.933594e-01
-1.600586e+00
-1.576172e+00
-1.550781e+00
-1.525879e+00
-1.500488e+00
-1.474609e+00
-1.449219e+00
-1.423340e+00
-1.396973e+00
-1.371582e+00
-1.345215e+00
-1.318359e+00
-1.291992e+00
-1.265625e+00
-1.239258e+00
-1.212402e+00
-1.185547e+00
-1.159180e+00
-1.132813e+00
-1.105957e+00
-1.079102e+00
-1.052734e+00
-1.026367e+00
-1.000000e+00
-9.736328e-01
-9.472656e-01
-9.213867e-01
-8.950195e-01
-8.696289e-01
-8.437500e-01
-8.183594e-01
-7.929688e-01
-7.680664e-01
-7.431641e-01
-7.182617e-01
-6.943359e-01
-6.699219e-01
-6.459961e-01
-6.220703e-01
-5.986328e-01
-5.756836e-01
-5.532227e-01
-5.307617e-01
-5.087891e-01
-4.863281e-01
-4.653320e-01
-4.443359e-01
-4.233398e-01
-4.033203e-01
-3.833008e-01
-3.637695e-01
-3.447266e-01
-3.261719e-01
-3.081055e-01
-2.905273e-01
-2.729492e-01
-2.563477e-01
-2.402344e-01
-2.241211e-01
-2.089844e-01
-1.938477e-01
-1.796875e-01
-1.655273e-01
-1.523438e-01
-1.396484e-01
-1.269531e-01
-1.152344e-01
-1.044922e-01
-9.375000e-02
-8.349609e-02
-7.421875e-02
-6.494141e-02
-5.664063e-02
-4.882813e-02
-4.150391e-02
-3.466797e-02
-2.880859e-02
-2.343750e-02
-1.855469e-02
-1.367188e-02
-9.765625e-03
-6.835938e-03
-4.882813e-03
-2.929688e-03
-9.765625e-04
-4.882813e-04
-4.882813e-04
-4.882813e-04
-1.464844e-03
-3.417969e-03
-5.859375e-03
-8.789063e-03
-1.220703e-02
-1.611328e-02
-2.099609e-02
-2.587891e-02
-3.173828e-02
-3.808594e-02
-4.492188e-02
-5.273438e-02
-6.054688e-02
-6.982422e-02
-7.861328e-02
-8.886719e-02
-9.863281e-02
-1.098633e-01
-1.215820e-01
-1.333008e-01
-1.459961e-01
-1.586914e-01
-1.723633e-01
-1.865234e-01
-2.011719e-01
-2.163086e-01
-2.314453e-01
-2.475586e-01
-2.641602e-01
-2.812500e-01
-2.988281e-01
-3.168945e-01
-3.349609e-01
-3.540039e-01
-3.730469e-01
-3.925781e-01
-4.130859e-01
-4.331055e-01
-4.541016e-01
-4.750977e-01
-4.965820e-01
-5.185547e-01
-5.405273e-01
-5.629883e-01
-5.859375e-01
-6.088867e-01
-6.323242e-01
-6.557617e-01
-6.801758e-01
-7.041016e-01
-7.285156e-01
-7.534180e-01
-7.783203e-01
-8.032227e-01
-8.286133e-01
-8.540039e-01
-8.793945e-01
-9.052734e-01
-9.311523e-01
-9.570313e-01
-9.833984e-01
-1.009766e+00
-1.035645e+00
-1.062012e+00
