0.000000e+00
0.000000e+00
0.000000e+00
0.000000e+00
0.000000e+00
0.000000e+00
0.000000e+00
0.000000e+00
0.000000e+00
0.000000e+00
0.000000e+00
0.000000e+00
0.000000e+00
0.000000e+00
0.000000e+00
0.000000e+00
0.000000e+00
0.000000e+00
0.000000e+00
-1.953125e-03
4.000000e+00
-1.606445e+00
-1.583008e+00
-1.556641e+00
-1.532227e+00
-1.506836e+00
-1.481445e+00
-1.455078e+00
-1.430664e+00
-1.404297e+00
-1.378906e+00
-1.352539e+00
-1.327148e+00
-1.299805e+00
-1.273438e+00
-1.246094e+00
-1.220703e+00
-1.193359e+00
-1.167969e+00
-1.140625e+00
-1.114258e+00
-1.086914e+00
-1.061523e+00
-1.034180e+00
-1.008789e+00
-9.814453e-01
-9.560547e-01
-9.306641e-01
-9.042969e-01
-8.789063e-01
-8.525391e-01
-8.271484e-01
-8.017578e-01
-7.773438e-01
-7.509766e-01
-7.265625e-01
-7.021484e-01
-6.777344e-01
-6.533203e-01
-6.308594e-01
-6.064453e-01
-5.839844e-01
-5.605469e-01
-5.390625e-01
-5.166016e-01
-4.951172e-01
-4.726563e-01
-4.521484e-01
-4.306641e-01
-4.111328e-01
-3.906250e-01
-3.710938e-01
-3.525391e-01
-3.339844e-01
-3.154297e-01
-2.968750e-01
-2.802734e-01
-2.617188e-01
-2.460938e-01
-2.294922e-01
-2.148438e-01
-1.992188e-01
-1.855469e-01
-1.708984e-01
-1.582031e-01
-1.435547e-01
-1.328125e-01
-1.201172e-01
-1.093750e-01
-9.765625e-02
-8.789063e-02
-7.812500e-02
-6.933594e-02
-6.054688e-02
-5.175781e-02
-4.492188e-02
-3.710938e-02
-3.125000e-02
-2.539063e-02
-2.050781e-02
-1.660156e-02
-1.269531e-02
-8.789063e-03
-5.859375e-03
-3.906250e-03
-1.953125e-03
-9.765625e-04
0.000000e+00
-9.765625e-04
-1.953125e-03
-3.906250e-03
-5.859375e-03
-8.789063e-03
-1.171875e-02
-1.464844e-02
-1.953125e-02
-2.441406e-02
-3.027344e-02
-3.710938e-02
-4.394531e-02
-5.078125e-02
-5.859375e-02
-6.640625e-02
-7.617188e-02
-8.593750e-02
-9.570313e-02
-1.054688e-01
-1.171875e-01
-1.289063e-01
-1.425781e-01
-1.542969e-01
-1.679688e-01
-1.826172e-01
-1.962891e-01
-2.109375e-01
-2.265625e-01
-2.431641e-01
-2.597656e-01
-2.763672e-01
-2.939453e-01
-3.115234e-01
-3.300781e-01
-3.476563e-01
-3.681641e-01
-3.857422e-01
-4.072266e-01
-4.267578e-01
-4.472656e-01
-4.687500e-01
-4.892578e-01
-5.126953e-01
-5.332031e-01
-5.566406e-01
-5.781250e-01
-6.025391e-01
-6.250000e-01
-6.494141e-01
-6.728516e-01
-6.972656e-01
-7.207031e-01
-7.470703e-01
-7.705078e-01
-7.968750e-01
-8.212891e-01
-8.476563e-01
-8.720703e-01
-8.984375e-01
-9.238281e-01
-9.501953e-01
-9.765625e-01
-1.002930e+00
-1.028320e+00
-1.053711e+00
-1.082031e+00
-1.107422e+00
-1.134766e+00
-1.160156e+00
-1.187500e+00
-1.213867e+00
-1.240234e+00
-1.266602e+00
-1.293945e+00
-1.319336e+00
-1.346680e+00
-1.372070e+00
-1.398438e+00
-1.429688e+00
-1.456055e+00
-1.481445e+00
-1.506836e+00
-1.532227e+00
-1.557617e+00
-1.582031e+00
-1.606445e+00
-1.630859e+00
-1.655273e+00
-1.678711e+00
-1.701172e+00
-1.724609e+00
-1.748047e+00
-1.770508e+00
-1.791992e+00
-1.814453e+00
-1.834961e+00
-1.856445e+00
-1.876953e+00
-1.897461e+00
-1.916016e+00
-1.935547e+00
-1.954102e+00
-1.972656e+00
-1.990234e+00
-2.008789e+00
-2.025391e+00
-2.041992e+00
-2.057617e+00
-2.073242e+00
-2.086914e+00
-2.102539e+00
-2.116211e+00
-2.128906e+00
-2.141602e+00
-2.152344e+00
-2.164063e+00
-2.174805e+00
-2.183594e+00
-2.193359e+00
-2.202148e+00
-2.210938e+00
-2.217773e+00
-2.223633e+00
-2.229492e+00
-2.235352e+00
-2.239258e+00
-2.243164e+00
-2.247070e+00
-2.249023e+00
-2.250977e+00
-2.251953e+00
-2.251953e+00
-2.251953e+00
-2.250000e+00
-2.248047e+00
-2.244141e+00
-2.241211e+00
-2.236328e+00
-2.232422e+00
-2.225586e+00
-2.218750e+00
-2.210938e+00
-2.202148e+00
-2.194336e+00
-2.183594e+00
-2.172852e+00
-2.161133e+00
-2.149414e+00
-2.135742e+00
-2.122070e+00
-2.106445e+00
-2.090820e+00
-2.074219e+00
-2.057617e+00
-2.039063e+00
-2.020508e+00
-2.000977e+00
-1.981445e+00
-1.959961e+00
-1.938477e+00
-1.915039e+00
-1.891602e+00
-1.866211e+00
-1.841797e+00
-1.816406e+00
-1.789063e+00
-1.762695e+00
-1.733398e+00
-1.705078e+00
-1.673828e+00
-1.644531e+00
-1.613281e+00
-1.581055e+00
-1.547852e+00
-1.514648e+00
-1.480469e+00
-1.446289e+00
-1.410156e+00
-1.374023e+00
-1.336914e+00
-1.299805e+00
-1.260742e+00
-1.221680e+00
-1.181641e+00
-1.142578e+00
-1.100586e+00
-1.060547e+00
-1.017578e+00
-9.755859e-01
-9.335938e-01
-8.886719e-01
-8.457031e-01
-7.988281e-01
-7.558594e-01
-7.080078e-01
-6.630859e-01
-6.142578e-01
-5.683594e-01
-5.195313e-01
-4.716797e-01
-4.218750e-01
-3.740234e-01
-3.232422e-01
-2.753906e-01
-2.236328e-01
-1.738281e-01
-1.210938e-01
-7.031250e-02
-1.757813e-02
3.320313e-02
8.691406e-02
1.386719e-01
1.923828e-01
2.431641e-01
2.958984e-01
3.515625e-01
4.033203e-01
4.589844e-01
5.117188e-01
5.673828e-01
6.201172e-01
6.757813e-01
7.294922e-01
7.851563e-01
8.388672e-01
8.945313e-01
9.472656e-01
1.003906e+00
1.057617e+00
1.113281e+00
1.166992e+00
1.222656e+00
1.276367e+00
1.332031e+00
1.384766e+00
1.439453e+00
1.492188e+00
1.547852e+00
1.600586e+00
1.652344e+00
1.707031e+00
1.759766e+00
1.812500e+00
1.864258e+00
1.917969e+00
1.967773e+00
2.021484e+00
2.071289e+00
2.124023e+00
2.172852e+00
2.223633e+00
2.272461e+00
2.323242e+00
2.371094e+00
2.419922e+00
2.466797e+00
2.516602e+00
2.562500e+00
2.609375e+00
2.654297e+00
2.701172e+00
2.745117e+00
2.790039e+00
2.832031e+00
2.874023e+00
2.917969e+00
2.958008e+00
3.000977e+00
3.040039e+00
3.081055e+00
3.119141e+00
3.158203e+00
3.195313e+00
3.232422e+00
3.268555e+00
3.304688e+00
3.337891e+00
3.373047e+00
3.405273e+00
3.438477e+00
3.468750e+00
3.500000e+00
3.529297e+00
3.559570e+00
3.585938e+00
3.614258e+00
3.640625e+00
3.666016e+00
3.690430e+00
3.713867e+00
3.737305e+00
3.758789e+00
3.780273e+00
3.799805e+00
3.819336e+00
3.836914e+00
3.855469e+00
3.871094e+00
3.886719e+00
3.900391e+00
3.914063e+00
3.926758e+00
3.938477e+00
3.948242e+00
3.958008e+00
3.966797e+00
3.973633e+00
3.981445e+00
3.986328e+00
3.991211e+00
3.995117e+00
3.997070e+00
3.998047e+00
4.000000e+00
3.998047e+00
3.997070e+00
3.995117e+00
3.991211e+00
3.987305e+00
3.981445e+00
3.975586e+00
3.967773e+00
3.958984e+00
3.949219e+00
3.939453e+00
3.927734e+00
3.915039e+00
3.902344e+00
3.888672e+00
3.873047e+00
3.856445e+00
3.839844e+00
3.821289e+00
3.801758e+00
3.782227e+00
3.760742e+00
3.740234e+00
3.716797e+00
3.693359e+00
3.668945e+00
3.643555e+00
3.617188e+00
3.590820e+00
3.562500e+00
3.532227e+00
3.503906e+00
3.472656e+00
3.442383e+00
3.409180e+00
3.376953e+00
3.342773e+00
3.308594e+00
3.271484e+00
3.237305e+00
3.199219e+00
3.162109e+00
3.124023e+00
3.084961e+00
3.044922e+00
3.005859e+00
2.962891e+00
2.922852e+00
2.878906e+00
2.837891e+00
2.794922e+00
2.750000e+00
2.706055e+00
2.659180e+00
2.615234e+00
2.567383e+00
2.521484e+00
2.473633e+00
2.426758e+00
2.376953e+00
2.329102e+00
2.278320e+00
2.230469e+00
2.178711e+00
2.129883e+00
2.077148e+00
2.027344e+00
1.974609e+00
1.923828e+00
1.871094e+00
1.819336e+00
1.765625e+00
1.713867e+00
1.659180e+00
1.606445e+00
1.554688e+00
1.499023e+00
1.446289e+00
1.384766e+00
1.332031e+00
1.276367e+00
1.222656e+00
1.166992e+00
1.113281e+00
1.057617e+00
1.003906e+00
9.472656e-01
8.945313e-01
8.388672e-01
7.851563e-01
7.294922e-01
6.757813e-01
6.201172e-01
5.673828e-01
5.117188e-01
4.589844e-01
4.042969e-01
3.515625e-01
2.958984e-01
2.451172e-01
1.933594e-01
1.386719e-01
8.789063e-02
3.417969e-02
-1.660156e-02
-7.031250e-02
-1.201172e-01
-1.728516e-01
-2.216797e-01
-2.734375e-01
-3.222656e-01
-3.730469e-01
-4.208984e-01
-4.707031e-01
-5.175781e-01
-5.664063e-01
-6.123047e-01
-6.611328e-01
-7.060547e-01
-7.539063e-01
-7.978516e-01
-8.437500e-01
-8.867188e-01
-9.316406e-01
-9.736328e-01
-1.015625e+00
-1.058594e+00
-1.098633e+00
-1.140625e+00
-1.179688e+00
-1.220703e+00
-1.257813e+00
-1.296875e+00
-1.333984e+00
-1.371094e+00
-1.407227e+00
-1.443359e+00
-1.477539e+00
-1.511719e+00
-1.544922e+00
-1.578125e+00
-1.609375e+00
-1.641602e+00
-1.670898e+00
-1.701172e+00
-1.729492e+00
-1.758789e+00
-1.786133e+00
-1.813477e+00
-1.838867e+00
-1.863281e+00
-1.887695e+00
-1.911133e+00
-1.934570e+00
-1.956055e+00
-1.977539e+00
-1.997070e+00
-2.023438e+00
-2.041992e+00
-2.060547e+00
-2.077148e+00
-2.093750e+00
-2.109375e+00
-2.124023e+00
-2.137695e+00
-2.151367e+00
-2.163086e+00
-2.175781e+00
-2.185547e+00
-2.196289e+00
-2.204102e+00
-2.212891e+00
-2.220703e+00
-2.227539e+00
-2.234375e+00
-2.238281e+00
-2.243164e+00
-2.246094e+00
-2.250000e+00
-2.250977e+00
-2.252930e+00
-2.252930e+00
-2.252930e+00
-2.251953e+00
-2.250000e+00
-2.248047e+00
-2.244141e+00
-2.241211e+00
-2.236328e+00
-2.231445e+00
-2.224609e+00
-2.218750e+00
-2.210938e+00
-2.203125e+00
-2.194336e+00
-2.184570e+00
-2.174805e+00
-2.164063e+00
-2.152344e+00
-2.140625e+00
-2.128906e+00
-2.115234e+00
-2.102539e+00
-2.087891e+00
-2.073242e+00
-2.057617e+00
-2.041992e+00
-2.024414e+00
-2.008789e+00
-1.991211e+00
-1.973633e+00
-1.954102e+00
-1.936523e+00
-1.916992e+00
-1.896484e+00
-1.875977e+00
-1.856445e+00
-1.834961e+00
-1.813477e+00
-1.791016e+00
-1.769531e+00
-1.747070e+00
-1.724609e+00
-1.700195e+00
-1.677734e+00
-1.654297e+00
-1.629883e+00
-1.606445e+00
-1.606445e+00
-1.583008e+00
-1.556641e+00
-1.532227e+00
-1.506836e+00
-1.481445e+00
-1.455078e+00
-1.430664e+00
-1.404297e+00
-1.378906e+00
-1.352539e+00
-1.327148e+00
-1.299805e+00
-1.273438e+00
-1.246094e+00
-1.220703e+00
-1.193359e+00
-1.167969e+00
-1.140625e+00
-1.114258e+00
-1.086914e+00
-1.061523e+00
-1.034180e+00
-1.008789e+00
-9.814453e-01
-9.560547e-01
-9.306641e-01
-9.042969e-01
-8.789063e-01
-8.525391e-01
-8.271484e-01
-8.017578e-01
-7.773438e-01
-7.509766e-01
-7.265625e-01
-7.021484e-01
-6.777344e-01
-6.533203e-01
-6.308594e-01
-6.064453e-01
-5.839844e-01
-5.605469e-01
-5.390625e-01
-5.166016e-01
-4.951172e-01
-4.726563e-01
-4.521484e-01
-4.306641e-01
-4.111328e-01
-3.906250e-01
-3.710938e-01
-3.525391e-01
-3.339844e-01
-3.154297e-01
-2.968750e-01
-2.802734e-01
-2.617188e-01
-2.460938e-01
-2.294922e-01
-2.148438e-01
-1.992188e-01
-1.855469e-01
-1.708984e-01
-1.582031e-01
-1.435547e-01
-1.328125e-01
-1.201172e-01
-1.093750e-01
-9.765625e-02
-8.789063e-02
-7.812500e-02
-6.933594e-02
-6.054688e-02
-5.175781e-02
-4.492188e-02
-3.710938e-02
-3.125000e-02
-2.539063e-02
-2.050781e-02
-1.660156e-02
-1.269531e-02
-8.789063e-03
-5.859375e-03
-3.906250e-03
-1.953125e-03
-9.765625e-04
0.000000e+00
-9.765625e-04
-1.953125e-03
-3.906250e-03
-5.859375e-03
-8.789063e-03
-1.171875e-02
-1.464844e-02
-1.953125e-02
-2.441406e-02
-3.027344e-02
-3.710938e-02
-4.394531e-02
-5.078125e-02
-5.859375e-02
-6.640625e-02
-7.617188e-02
-8.593750e-02
-9.570313e-02
-1.054688e-01
-1.171875e-01
-1.289063e-01
-1.425781e-01
-1.542969e-01
-1.679688e-01
-1.826172e-01
-1.962891e-01
-2.109375e-01
-2.265625e-01
-2.431641e-01
-2.597656e-01
-2.763672e-01
-2.939453e-01
-3.115234e-01
-3.300781e-01
-3.476563e-01
-3.681641e-01
-3.857422e-01
-4.072266e-01
-4.267578e-01
-4.472656e-01
-4.687500e-01
-4.892578e-01
-5.126953e-01
-5.332031e-01
-5.566406e-01
-5.781250e-01
-6.025391e-01
-6.250000e-01
-6.494141e-01
-6.728516e-01
-6.972656e-01
-7.207031e-01
-7.470703e-01
-7.705078e-01
-7.968750e-01
-8.212891e-01
-8.476563e-01
-8.720703e-01
-8.984375e-01
-9.238281e-01
-9.501953e-01
-9.765625e-01
-1.002930e+00
-1.028320e+00
-1.053711e+00
-1.082031e+00
-1.107422e+00
-1.134766e+00
-1.160156e+00
-1.187500e+00
-1.213867e+00
-1.240234e+00
-1.266602e+00
-1.293945e+00
-1.319336e+00
-1.346680e+00
-1.372070e+00
-1.398438e+00
-1.429688e+00
-1.456055e+00
-1.481445e+00
-1.506836e+00
-1.532227e+00
